Channel	Q^2	W, GeV	Quantity	Uncertainty
pi+n	0.45	1.5	42.157770091798	1.82429720424077
pi+n	0.45	1.48	44.9925657653382	0.965592248213071
pi+n	0.45	1.46	40.7580734189343	0.646753261432152
pi+n	0.45	1.44	36.9061381562694	0.986704332745937
pi+n	0.45	1.42	36.5889684770185	1.39812855609548
pi+n	0.45	1.4	38.3431486661927	1.41899092045001
pi+n	0.45	1.38	40.1999034850374	1.05797695121635
pi+n	0.45	1.36	43.8460204359886	0.907433635907202
pi+n	0.45	1.34	49.4872977640076	1.23524573627258
pi+n	0.45	1.32	57.0804903272184	2.41523512480224
pi+n	0.45	1.3	65.900956530249	2.6063927863695
pi+n	0.45	1.28	80.4209107304904	2.0534480029858
pi+n	0.45	1.26	98.4811287130808	2.699618850525
pi+n	0.45	1.24	119.244492630113	3.39228193638953
pi+n	0.45	1.22	138.850533181498	4.6699190404543
pi+n	0.45	1.2	132.406006316831	5.84737000943615
pi+n	0.5	1.5	36.9219082014243	2.50288777619956
pi+n	0.5	1.48	42.1064703725842	1.10198431337723
pi+n	0.5	1.46	38.4085428031547	0.620734693951196
pi+n	0.5	1.44	34.9407580759204	0.999573799966324
pi+n	0.5	1.42	35.0676615510514	1.36520931193513
pi+n	0.5	1.4	37.4947454313738	1.71597575346913
pi+n	0.5	1.38	39.0015727212609	1.4242467424847
pi+n	0.5	1.36	40.9667391144136	0.918636621607304
pi+n	0.5	1.34	46.0043938632277	1.16792948730784
pi+n	0.5	1.32	54.8263331111974	3.35575700970201
pi+n	0.5	1.3	62.9837084187962	3.70435497717624
pi+n	0.5	1.28	76.2858842585709	1.96095896977478
pi+n	0.5	1.26	94.2644865983318	2.82885783337146
pi+n	0.5	1.24	109.659759894272	3.70620872141534
pi+n	0.5	1.22	123.969023220276	4.82565092731034
pi+n	0.5	1.2	120.360949073728	6.14559699372979
pi+n	0.55	1.4	32.0848147127508	1.84391776244197
pi+n	0.55	1.38	38.2648169297943	1.76652915813635
pi+n	0.55	1.36	40.5183012148192	1.29293448747361
pi+n	0.55	1.34	43.8883080258699	1.10646082286877
pi+n	0.55	1.32	50.7322380043829	2.38111222708416
pi+n	0.55	1.3	62.0364087144896	4.07759884649324
pi+n	0.55	1.28	73.7354806410835	3.27973313615403
pi+n	0.55	1.26	86.8201567573312	2.38851492310294
pi+n	0.55	1.24	101.465450700984	2.90607147259735
pi+n	0.55	1.22	111.835940578337	3.81694465517996
pi+n	0.55	1.2	108.819952762679	6.01658054271872
pi+n	0.6	1.4	27.2506008289016	1.96468153762539
pi+n	0.6	1.38	37.6863534534795	2.08204569002727
pi+n	0.6	1.36	40.203494133074	1.63673523920362
pi+n	0.6	1.34	42.0567857182772	1.05288466245017
pi+n	0.6	1.32	47.1046967539983	1.49693641163489
pi+n	0.6	1.3	61.2972935155665	4.42665605220822
pi+n	0.6	1.28	71.547918052095	4.49080325016632
pi+n	0.6	1.26	80.1765521687642	1.99050408149222
pi+n	0.6	1.24	94.1533094074952	2.17992604795441
pi+n	0.6	1.22	100.935019443923	2.9016801957227
pi+n	0.6	1.2	98.4518781310476	5.90813028488522
pi+n	0.65	1.4	25.9110862996905	1.80536090050928
pi+n	0.65	1.38	35.4792004107106	1.9134504661648
pi+n	0.65	1.36	37.8237423517415	1.50591525601694
pi+n	0.65	1.34	39.5694436874918	0.971579264072802
pi+n	0.65	1.32	44.2534434962919	1.37971298357014
pi+n	0.65	1.3	57.3236886098567	4.06882245688648
pi+n	0.65	1.28	66.7818055621055	4.12763689111484
pi+n	0.65	1.26	74.7905062171473	1.83248601223258
pi+n	0.65	1.24	87.6302559674367	2.00604893363843
pi+n	0.65	1.22	93.7538244174945	2.66761868085366
pi+n	0.65	1.2	91.2795627658931	5.42489344785189
pi+n	0.7	1.4	24.7187321097251	1.66136067366423
pi+n	0.7	1.38	33.4984512453383	1.76083233586346
pi+n	0.7	1.36	35.6835312453661	1.38734937757476
pi+n	0.7	1.34	37.3287088515898	0.897841321508747
pi+n	0.7	1.32	41.6791902825687	1.27323067703054
pi+n	0.7	1.3	53.7249821878092	3.74320771502622
pi+n	0.7	1.28	62.4578333587737	3.79686420689187
pi+n	0.7	1.26	69.8989709272885	1.68850965291665
pi+n	0.7	1.24	81.6989095239772	1.84753776252306
pi+n	0.7	1.22	87.2190651737696	2.45416916203728
pi+n	0.7	1.2	84.7508343015132	4.98419853191688
pi+n	0.75	1.4	23.6469674618866	1.53000016329336
pi+n	0.75	1.38	31.7041850016952	1.62143017816139
pi+n	0.75	1.36	33.7411966495977	1.27894628123534
pi+n	0.75	1.34	35.2922752810462	0.830394737328279
pi+n	0.75	1.32	39.33518193628	1.17570610777583
pi+n	0.75	1.3	50.4391364811095	3.44455256105108
pi+n	0.75	1.28	58.5040909713442	3.4932776192855
pi+n	0.75	1.26	65.4227945218744	1.55634914374404
pi+n	0.75	1.24	76.2661312177386	1.70199228387351
pi+n	0.75	1.22	81.2305172128536	2.25815585749142
pi+n	0.75	1.2	78.7671929615435	4.57956808207773
pi+n	0.8	1.4	22.675562898657	1.40922944203324
pi+n	0.8	1.38	30.0658892269392	1.49312735451236
pi+n	0.8	1.36	31.964808068832	1.17909853423891
pi+n	0.8	1.34	33.4276267092744	0.768255990949893
pi+n	0.8	1.32	37.1853564894467	1.08575993917817
pi+n	0.8	1.3	47.418091926545	3.16877288614713
pi+n	0.8	1.28	54.8646334322249	3.2128169787759
pi+n	0.8	1.26	61.3001327100192	1.43426206323862
pi+n	0.8	1.24	71.2588010554372	1.56752520975887
pi+n	0.8	1.22	75.7091221122292	2.07707033014919
pi+n	0.8	1.2	73.2505818443475	4.20586309635892
pi+n	0.85	1.4	21.788808571992	1.29744921177118
pi+n	0.85	1.38	28.5597736848533	1.37426847993123
pi+n	0.85	1.36	30.3294032453194	1.0865457299071
pi+n	0.85	1.34	31.7092710155442	0.710651859749018
pi+n	0.85	1.32	35.2013462720578	1.00230411685434
pi+n	0.85	1.3	44.6238844417262	2.91263480386416
pi+n	0.85	1.28	51.4950922080809	2.9522555158769
pi+n	0.85	1.26	57.4817454160965	1.32085860138973
pi+n	0.85	1.24	66.6184528581261	1.44262525760673
pi+n	0.85	1.22	70.591402238347	1.90889600790134
pi+n	0.85	1.2	68.1380826447282	3.85893689078186
pi+n	0.9	1.4	20.9742910246508	1.19338971060575
pi+n	0.9	1.38	27.1669640767566	1.26353611085451
pi+n	0.9	1.36	28.8151262845295	1.00028225238508
pi+n	0.9	1.34	30.1168754065454	0.656963880595356
pi+n	0.9	1.32	33.3604516039273	0.924465587032864
pi+n	0.9	1.3	42.0260146958753	2.67353424134498
pi+n	0.9	1.28	48.3596920110952	2.70898614171799
pi+n	0.9	1.26	53.9277881686966	1.21501220762975
pi+n	0.9	1.24	62.2975972257044	1.32606318392492
pi+n	0.9	1.22	65.8256119398474	1.75198713512332
pi+n	0.9	1.2	63.3782376201265	3.53539483991334
pi+n	0.95	1.4	20.2220504010954	1.09602716723549
pi+n	0.95	1.38	25.8722555165456	1.15986556014041
pi+n	0.95	1.36	27.4059409456022	0.91949346393499
pi+n	0.95	1.34	28.633975503184	0.606689859320281
pi+n	0.95	1.32	31.6442350389065	0.851533308375021
pi+n	0.95	1.3	39.5996177141066	2.44934339491405
pi+n	0.95	1.28	45.4291683957632	2.48087209299159
pi+n	0.95	1.26	50.6055639166414	1.1157969099982
pi+n	0.95	1.24	58.2571332655407	1.21682556852677
pi+n	0.95	1.22	61.3690140309231	1.6049830253592
pi+n	0.95	1.2	58.9284314848856	3.23242318096052
pi+n	1	1.4	19.5239863802431	1.00452481889466
pi+n	1	1.38	24.6632322999645	1.06238467460467
pi+n	1	1.36	26.0887206489062	0.843510519312174
pi+n	1	1.34	27.2470607432774	0.559416566066766
pi+n	1	1.32	30.037523127841	0.782920572515151
pi+n	1	1.3	37.3241591672946	2.23830122265663
pi+n	1	1.28	42.6792796278795	2.26614006160745
pi+n	1	1.26	47.487910391051	1.0224422983511
pi+n	1	1.24	54.4644836070175	1.11406704908827
pi+n	1	1.22	57.1859073847091	1.46674589652308
pi+n	1	1.2	54.7529848148306	2.94766421861607
pi+n	1.05	1.4	18.8734308350914	0.918190407980898
pi+n	1.05	1.38	23.5296334775727	0.97037037412827
pi+n	1.05	1.36	24.8525915399417	0.771777701482358
pi+n	1.05	1.34	25.944912888244	0.514799959780897
pi+n	1.05	1.32	28.5276827258492	0.718137647038013
pi+n	1.05	1.3	35.1824872918388	2.03893369774598
pi+n	1.05	1.28	40.08972087802	2.06330211250413
pi+n	1.05	1.26	44.5520190905773	0.934300514702376
pi+n	1.05	1.24	50.8922225818192	1.01707514679031
pi+n	1.05	1.22	53.2461690959993	1.3363148759071
pi+n	1.05	1.2	50.8217375956337	2.67912352204094
pi+n	1.1	1.4	18.2648347776373	0.836444984820883
pi+n	1.1	1.38	22.4628871238265	0.883216702578772
pi+n	1.1	1.36	23.6884494224356	0.703828367355507
pi+n	1.1	1.34	24.7181186682729	0.472550597250403
pi+n	1.1	1.32	27.1040865241781	0.656771539870338
pi+n	1.1	1.3	33.1601305079586	1.84999464254509
pi+n	1.1	1.28	37.6433171361348	1.87109756448377
pi+n	1.1	1.26	41.7785542478371	0.850821596567658
pi+n	1.1	1.24	47.5170485292856	0.925243885787704
pi+n	1.1	1.22	49.5241573838385	1.21287135105576
pi+n	1.1	1.2	47.1089782224854	2.42509968934675
pi+n	1.15	1.4	17.6935352295246	0.758799626002593
pi+n	1.15	1.38	21.4557627447471	0.800410947101865
pi+n	1.15	1.36	22.5885986006529	0.639266935892216
pi+n	1.15	1.34	23.5587047023441	0.432422686002443
pi+n	1.15	1.32	25.7577116982605	0.598470778734888
pi+n	1.15	1.3	31.2447683148811	1.67042109200665
pi+n	1.15	1.28	35.3254132449679	1.68844900387706
pi+n	1.15	1.26	39.1509846398254	0.771534752879044
pi+n	1.15	1.24	44.3190012381193	0.838053682745475
pi+n	1.15	1.22	45.9978726379492	1.09571244693381
pi+n	1.15	1.2	43.5926209620592	2.18413035752146
pi+n	1.2	1.4	17.1555790113678	0.684837796671001
pi+n	1.2	1.38	20.5021079420785	0.721515517038004
pi+n	1.2	1.36	21.5464777796191	0.577755195464213
pi+n	1.2	1.34	22.4598598701	0.394205745987258
pi+n	1.2	1.32	24.4808339467681	0.542933788467045
pi+n	1.2	1.3	29.4258266767313	1.49929910701443
pi+n	1.2	1.28	33.1234059580624	1.51442849189292
pi+n	1.2	1.26	36.6550692510757	0.696033932645705
pi+n	1.2	1.24	41.2808572774214	0.755055790714272
pi+n	1.2	1.22	42.6483066193311	0.984230431436077
pi+n	1.2	1.2	40.2535653842185	1.95495012037588
pi+n	1.25	1.4	16.6475877390786	0.61420180444037
pi+n	1.25	1.38	19.5966461732341	0.64615400343967
pi+n	1.25	1.36	20.5564491780499	0.519001750801115
pi+n	1.25	1.34	21.4157212828672	0.357718170589871
pi+n	1.25	1.32	23.2667910428295	0.48989989328616
pi+n	1.25	1.3	27.6941643653697	1.33583723154867
pi+n	1.25	1.28	31.0263800640251	1.34823124957884
pi+n	1.25	1.26	34.2784560329578	0.623966552528952
pi+n	1.25	1.24	38.3876565936377	0.675860106906743
pi+n	1.25	1.22	39.4589310881318	0.877896517874932
pi+n	1.25	1.2	37.075191247919	1.73645731794345
pi+n	1.3	1.4	16.1666531037295	0.546582264811749
pi+n	1.3	1.38	18.7348194874484	0.574000319539939
pi+n	1.3	1.36	19.6136342415122	0.462753787115794
pi+n	1.3	1.34	20.4212072161977	0.322802191754145
pi+n	1.3	1.32	22.1097978183617	0.43914226378512
pi+n	1.3	1.3	26.0418267840906	1.17934562758439
pi+n	1.3	1.28	29.0248219393442	1.18915491277127
pi+n	1.3	1.26	32.0103650766154	0.55502458473997
pi+n	1.3	1.24	35.6263274468104	0.600125503002162
pi+n	1.3	1.22	36.4152913055677	0.776247977694547
pi+n	1.3	1.2	34.0429557025189	1.52768753238133
pi+n	1.35	1.4	15.7102547152244	0.481709814086829
pi+n	1.35	1.38	17.9126648329819	0.504770143605775
pi+n	1.35	1.36	18.7137841895181	0.408790568476994
pi+n	1.35	1.34	19.4718852049361	0.289319897747429
pi+n	1.35	1.32	21.0047997394114	0.390462325015925
pi+n	1.35	1.3	24.4618505600341	1.02921948688325
pi+n	1.35	1.28	27.1103915201595	1.03658299449915
pi+n	1.35	1.26	29.8413356722575	0.488937433239337
pi+n	1.35	1.24	32.98538603906	0.527552073241471
pi+n	1.35	1.22	33.5046794951369	0.678877779198904
pi+n	1.35	1.2	31.1440688028601	1.32779222117369
pi+n	1.4	1.4	15.2761949716924	0.419348521136272
pi+n	1.4	1.38	17.1267157431529	0.438214104519744
pi+n	1.4	1.36	17.8531769355223	0.356918250906652
pi+n	1.4	1.34	18.5638668050968	0.257150050277089
pi+n	1.4	1.32	19.9473558100927	0.343685276525434
pi+n	1.4	1.3	22.9481068245687	0.884925706117689
pi+n	1.4	1.28	25.2757389171035	0.889971566531381
pi+n	1.4	1.26	27.7630223365654	0.425466182152537
pi+n	1.4	1.24	30.4546935903822	0.457874858939489
pi+n	1.4	1.22	30.715870022968	0.585426177722677
pi+n	1.4	1.2	28.3672296916413	1.13602133307463
pi+n	1.45	1.4	14.8625469263757	0.359290598518515
pi+n	1.45	1.38	16.3739234344711	0.374112302137432
pi+n	1.45	1.36	17.0285342101582	0.306965704021937
pi+n	1.45	1.34	17.6937228191458	0.226185515843423
pi+n	1.45	1.32	18.9335440301324	0.298656468700957
pi+n	1.45	1.3	21.4951743249145	0.745992081537833
pi+n	1.45	1.28	23.5143555482543	0.748838432992003
pi+n	1.45	1.26	25.7680288124836	0.364398909439204
pi+n	1.45	1.24	28.0252581079869	0.390858722718405
pi+n	1.45	1.22	28.038902756745	0.495573830381182
pi+n	1.45	1.2	25.702410296377	0.951709045614862
pi+n	1.5	1.4	14.4676121844001	0.301352118279183
pi+n	1.5	1.38	15.6515929149521	0.312269861189518
pi+n	1.5	1.36	16.2369543305911	0.25878111485262
pi+n	1.5	1.34	16.8584143961998	0.196331174270973
pi+n	1.5	1.32	17.9598843858351	0.255238445797738
pi+n	1.5	1.3	20.0982357889666	0.611998470198141
pi+n	1.5	1.28	21.8204522512124	0.612754254133617
pi+n	1.5	1.26	23.8497718310193	0.305546836398104
pi+n	1.5	1.24	25.6890712945434	0.326294127509864
pi+n	1.5	1.22	25.4649044224791	0.409036114205499
pi+n	1.5	1.2	23.1406766142075	0.774261973751338
pi+n	1.55	1.4	14.089886617196	0.245369512481004
pi+n	1.55	1.38	14.9573308162801	0.252513293625848
pi+n	1.55	1.36	15.4758572095462	0.212229204452477
pi+n	1.55	1.34	16.0552365723284	0.167502201715004
pi+n	1.55	1.32	17.0232756096875	0.213308513282586
pi+n	1.55	1.3	18.7529925986272	0.482569501632714
pi+n	1.55	1.28	20.1888586929729	0.481335211478089
pi+n	1.55	1.26	22.0023684306565	0.248741139478345
pi+n	1.55	1.24	23.438973351863	0.263993634468834
pi+n	1.55	1.22	22.9859402143498	0.32555840313417
pi+n	1.55	1.2	20.6740400060384	0.60314935275163
pi+n	1.6	1.4	13.7280322272381	0.191196692458937
pi+n	1.6	1.38	14.289002469099	0.194687499308769
pi+n	1.6	1.36	14.7429390293429	0.167188929145403
pi+n	1.6	1.34	15.2817716510305	0.139622650319729
pi+n	1.6	1.32	16.1209428536842	0.172756721409295
pi+n	1.6	1.3	17.4555940130738	0.357368523342185
pi+n	1.6	1.28	18.614939748281	0.354236902494773
pi+n	1.6	1.26	20.2205420936794	0.193830291678584
pi+n	1.6	1.24	21.2685401281275	0.203788977226693
pi+n	1.6	1.22	20.5948897019676	0.244912115679911
pi+n	1.6	1.2	18.2953326527731	0.437894811660627
pi+n	1.65	1.4	13.3808538935471	0.138702660210001
pi+n	1.65	1.38	13.6446963294737	0.138653275192553
pi+n	1.65	1.36	14.0361346147492	0.123551568425421
pi+n	1.65	1.34	14.5358504354596	0.112624264941772
pi+n	1.65	1.32	15.2503940888883	0.133484182110425
pi+n	1.65	1.3	16.2025780552341	0.236092536633182
pi+n	1.65	1.28	17.0945255131638	0.231149224475453
pi+n	1.65	1.26	18.4995440397162	0.140677830981467
pi+n	1.65	1.24	19.1719883099052	0.145528601999708
pi+n	1.65	1.22	18.2853424093057	0.166891387002421
pi+n	1.65	1.2	15.9981026179831	0.278069438243839
pi+n	1.7	1.4	13.0472800219961	0.0877695144485996
pi+n	1.7	1.38	13.0226942996535	0.0842852328773672
pi+n	1.7	1.36	13.3535859886161	0.0812191238729374
pi+n	1.7	1.34	13.8155197769	0.0864454908713256
pi+n	1.7	1.32	14.4093835388743	0.0954016549783413
pi+n	1.7	1.3	14.9908218228421	0.118467933797307
pi+n	1.7	1.28	15.6238523624081	0.111792060573499
pi+n	1.7	1.26	16.8350868242568	0.0891604758204225
pi+n	1.7	1.24	17.1440952989966	0.0890755871264555
pi+n	1.7	1.22	16.0515094391182	0.0913102506423808
pi+n	1.7	1.2	13.7765249355081	0.123285900109862
pi+n	1.75	1.68	12.3431329161471	0.0533113423874524
pi+n	1.75	1.66	11.6960495279805	0.050197048103558
pi+n	1.75	1.64	11.0836091939534	0.0501642704527836
pi+n	1.75	1.62	10.5448628686826	0.0498662638608012
pi+n	1.75	1.6	10.7678399748887	0.0541417661022668
pi+n	1.75	1.58	11.8971453818593	0.0579739324076605
pi+n	1.75	1.56	13.7430049405277	0.0586757011805033
pi+n	1.75	1.54	16.5387395731929	0.0653061662542595
pi+n	1.75	1.52	19.3690288643831	0.0731685202464771
pi+n	1.75	1.5	20.2613214678554	0.0766538957634293
pi+n	1.75	1.48	18.0759229197688	0.0693412397690037
pi+n	1.75	1.46	14.9642764055379	0.060103635307236
pi+n	1.75	1.44	13.2120773685623	0.0572634780818145
pi+n	1.75	1.42	12.7540635740026	0.0626666434051736
pi+n	1.75	1.4	12.5983372820232	0.0671080414127113
pi+n	1.75	1.38	12.4931802800515	0.0626222851711803
pi+n	1.75	1.36	12.804888760526	0.064317795940768
pi+n	1.75	1.34	13.2101079163772	0.0756536068187576
pi+n	1.75	1.32	13.6775493506287	0.0789972154892445
pi+n	1.75	1.3	14.0660177167604	0.070363762570063
pi+n	1.75	1.28	14.6043635091913	0.0675650154723986
pi+n	1.75	1.26	15.677140667405	0.0717024841623852
pi+n	1.75	1.24	15.8303213818367	0.0663021629332081
pi+n	1.75	1.22	14.7567473315085	0.061918121748943
pi+n	1.75	1.2	12.5641171459976	0.0628060175807447
pi+n	1.8	1.68	11.6710637329287	0.0531113659656758
pi+n	1.8	1.66	11.0705465515828	0.0501442492975201
pi+n	1.8	1.64	10.4822621935539	0.0495369111245734
pi+n	1.8	1.62	10.0077051644449	0.0496714407234196
pi+n	1.8	1.6	10.249552522279	0.0538331580656284
pi+n	1.8	1.58	11.3193612325862	0.057343637603244
pi+n	1.8	1.56	13.0820625213746	0.0587423347555771
pi+n	1.8	1.54	15.6950488096877	0.065434307655418
pi+n	1.8	1.52	18.3591343846359	0.0727231195412523
pi+n	1.8	1.5	19.2418139003716	0.075888896802499
pi+n	1.8	1.48	17.193558261819	0.0689511302965522
pi+n	1.8	1.46	14.2706708814973	0.060282655901607
pi+n	1.8	1.44	12.6294275537669	0.057563002609028
pi+n	1.8	1.42	12.1895434025258	0.0622024805205331
pi+n	1.8	1.4	12.0804371520277	0.0659776780522885
pi+n	1.8	1.38	12.0282509746607	0.0620528024089521
pi+n	1.8	1.36	12.3474031474935	0.0638185824831868
pi+n	1.8	1.34	12.6843391408183	0.0747919806663237
pi+n	1.8	1.32	13.0228423539251	0.0765893864502793
pi+n	1.8	1.3	13.3336214160782	0.0670841962363316
pi+n	1.8	1.28	13.8830160526296	0.0716983602504143
pi+n	1.8	1.26	14.8539390515255	0.0761414436041309
pi+n	1.8	1.24	14.9851158489033	0.0652232941806674
pi+n	1.8	1.22	14.073647697948	0.0622483360030903
pi+n	1.8	1.2	12.0069456452504	0.0629834511721159
pi+n	1.85	1.68	11.0207215053441	0.052930955188856
pi+n	1.85	1.66	10.4651660523195	0.0501059830773446
pi+n	1.85	1.64	9.90007758015992	0.0489394888521075
pi+n	1.85	1.62	9.4877088176664	0.0494945592855907
pi+n	1.85	1.6	9.74786223689943	0.0535464294292461
pi+n	1.85	1.58	10.759936227936	0.0567445397089823
pi+n	1.85	1.56	12.4420317380028	0.0588215852292726
pi+n	1.85	1.54	14.8776662335693	0.0655748780452849
pi+n	1.85	1.52	17.3804807589556	0.0723069631382401
pi+n	1.85	1.5	18.2538851386273	0.0751621310302625
pi+n	1.85	1.48	16.3385588744698	0.0685874752839469
pi+n	1.85	1.46	13.598694638049	0.0604709096310608
pi+n	1.85	1.44	12.065060043422	0.0578678270076482
pi+n	1.85	1.42	11.6427072881813	0.0617647321826382
pi+n	1.85	1.4	11.57896178981	0.0648921135691197
pi+n	1.85	1.38	11.578344521911	0.0615123522587915
pi+n	1.85	1.36	11.9048408057071	0.0633469180031178
pi+n	1.85	1.34	12.1754344055493	0.0739700458590936
pi+n	1.85	1.32	12.3886043037049	0.0742632385492592
pi+n	1.85	1.3	12.6239735263661	0.0639081427799977
pi+n	1.85	1.28	13.1843945248213	0.0757354111847479
pi+n	1.85	1.26	14.056657616498	0.080475893756368
pi+n	1.85	1.24	14.1667114352645	0.0641891278756142
pi+n	1.85	1.22	13.4128909174609	0.0625836405655252
pi+n	1.85	1.2	11.4683393654155	0.0631705563317901
pi+n	1.9	1.68	10.3906027252636	0.0527686059412786
pi+n	1.9	1.66	9.87852314863698	0.0500811027625849
pi+n	1.9	1.64	9.33574493869535	0.048369843055079
pi+n	1.9	1.62	8.98370553268615	0.0493342667506719
pi+n	1.9	1.6	9.26164451290921	0.0532799656513227
pi+n	1.9	1.58	10.2176343395152	0.0561744168987753
pi+n	1.9	1.56	11.8215130187263	0.0589124509154886
pi+n	1.9	1.54	14.0848443416297	0.0657268784637387
pi+n	1.9	1.52	16.4310061642103	0.0719179613248939
pi+n	1.9	1.5	17.2954612697771	0.0744709427304197
pi+n	1.9	1.48	15.5091361844842	0.0682484084174616
pi+n	1.9	1.46	12.9469397010731	0.060667660724147
pi+n	1.9	1.44	11.5177891870719	0.0581774812717447
pi+n	1.9	1.42	11.1124134872354	0.0613515964264544
pi+n	1.9	1.4	11.0928532337803	0.0638483949125594
pi+n	1.9	1.38	11.1424945230482	0.0609989938936609
pi+n	1.9	1.36	11.4762435349683	0.0629009626917073
pi+n	1.9	1.34	11.6823148184745	0.0731851924852334
pi+n	1.9	1.32	11.7735298764561	0.0720135280553456
pi+n	1.9	1.3	11.9356238064938	0.0608289950271417
pi+n	1.9	1.28	12.5070467150791	0.0796821762902414
pi+n	1.9	1.26	13.2836359629474	0.0847123974019856
pi+n	1.9	1.24	13.3733841673913	0.0631967550245863
pi+n	1.9	1.22	12.7730305859643	0.0629236642584837
pi+n	1.9	1.2	10.9470881263466	0.0633666693177265
pi+n	1.95	1.68	9.77934793855373	0.0526229666184781
pi+n	1.95	1.66	9.30936502103719	0.0500685794164396
pi+n	1.95	1.64	8.78807813166574	0.0478260247214578
pi+n	1.95	1.62	8.49463731338879	0.0491893459471925
pi+n	1.95	1.6	8.78988041008304	0.053032312025856
pi+n	1.95	1.58	9.69133495933584	0.0556312625034861
pi+n	1.95	1.56	11.2192366917428	0.0590140332967037
pi+n	1.95	1.54	13.3149966082928	0.0658894135224976
pi+n	1.95	1.52	15.508837376852	0.0715542264528949
pi+n	1.95	1.5	16.364656918979	0.0738129277566423
pi+n	1.95	1.48	14.7036631889245	0.0679322418271495
pi+n	1.95	1.46	12.314124528352	0.0608722493787619
pi+n	1.95	1.44	10.9865351700336	0.0584915468480921
pi+n	1.95	1.42	10.597621481004	0.0609614384839811
pi+n	1.95	1.4	10.6211468343979	0.0628438348012161
pi+n	1.95	1.38	10.7198194400914	0.060510962799504
pi+n	1.95	1.36	11.0607368495208	0.0624790433055831
pi+n	1.95	1.34	11.2039950932089	0.0724350430110066
pi+n	1.95	1.32	11.1764262309684	0.0698354660992931
pi+n	1.95	1.3	11.2672464741565	0.0578407135379788
pi+n	1.95	1.28	11.84964486122	0.0835441616966062
pi+n	1.95	1.26	12.5333557930761	0.088856967650699
pi+n	1.95	1.24	12.603557690502	0.0622435188174602
pi+n	1.95	1.22	12.1527445258317	0.0632680716799673
pi+n	1.95	1.2	10.44208607399	0.0635711867627538
pi+n	2	1.68	9.18572432817172	0.0524928191478597
pi+n	2	1.66	8.75655499827478	0.0500674871046696
pi+n	2	1.64	8.25600038154739	0.0473062705625675
pi+n	2	1.62	8.01954326958742	0.0490586985598171
pi+n	2	1.6	8.33164406236975	0.0528021540605505
pi+n	2	1.58	9.18001921151006	0.0551132589369637
pi+n	2	1.56	10.6340476553361	0.0591255240899339
pi+n	2	1.54	12.5666786033173	0.0660616783736215
pi+n	2	1.52	14.6122677837434	0.0712140485225966
pi+n	2	1.5	15.45975339249	0.0731859035519974
pi+n	2	1.48	13.920655838037	0.0676374447115936
pi+n	2	1.46	11.6990795295037	0.0610840822225208
pi+n	2	1.44	10.4703119686057	0.0588096499547712
pi+n	2	1.42	10.0973805393091	0.0605927712301894
pi+n	2	1.4	10.1629607777355	0.061875981398286
pi+n	2	1.38	10.3095131243734	0.0600466505449507
pi+n	2	1.36	10.6575206971521	0.0620796341408788
pi+n	2	1.34	10.7395732613843	0.0717174261553743
pi+n	2	1.32	10.5962007564857	0.0677246688250084
pi+n	2	1.3	10.6176267413991	0.0549377651133056
pi+n	2	1.28	11.2109722460719	0.0873264243281152
pi+n	2	1.26	11.804425674273	0.0929151255789967
pi+n	2	1.24	11.8557874836385	0.0613269873200945
pi+n	2	1.22	11.5508215042295	0.0636165589418529
pi+n	2	1.2	9.95232051916795	0.0637835588559261
pi+n	2.05	1.68	8.60861080664075	0.0523770627829597
pi+n	2.05	1.66	8.21905893143984	0.0500769903147878
pi+n	2.05	1.64	7.73853149244122	0.0468089809085745
pi+n	2.05	1.62	7.55754831090543	0.0489413308017234
pi+n	2.05	1.6	7.88609188302217	0.0525883007002032
pi+n	2.05	1.58	8.68275821054922	0.0546187553754312
pi+n	2.05	1.56	10.0648922204119	0.0592461942088792
pi+n	2.05	1.54	11.8385717735461	0.0662429475922005
pi+n	2.05	1.52	13.739738481286	0.0708958742718239
pi+n	2.05	1.5	14.5791798765883	0.0725878834335781
pi+n	2.05	1.48	13.1587570080803	0.067362625011587
pi+n	2.05	1.46	11.1007345898889	0.0613026241730079
pi+n	2.05	1.44	9.9682169629037	0.0591314558997298
pi+n	2.05	1.42	9.61081984757372	0.0602442383689115
pi+n	2.05	1.4	9.71748703268535	0.0609425921576261
pi+n	2.05	1.38	9.91083662433734	0.0596045873415722
pi+n	2.05	1.36	10.2658614230455	0.061701340619621
pi+n	2.05	1.34	10.2882217523893	0.0710303543024254
pi+n	2.05	1.32	10.03185043364	0.0656771141377682
pi+n	2.05	1.3	9.98564910798602	0.0521150693378805
pi+n	2.05	1.28	10.5899115326058	0.0910336179157545
pi+n	2.05	1.26	11.0955677658136	0.096891950603817
pi+n	2.05	1.24	11.1287470977748	0.0604449297098523
pi+n	2.05	1.22	10.9661496487684	0.0639688500089308
pi+n	2.05	1.2	9.47686219965513	0.0640032834405965
pi+n	2.1	1.68	8.47233599522712	0.0510096399432499
pi+n	2.1	1.66	8.08967360081532	0.0488175520845752
pi+n	2.1	1.64	7.62044079832969	0.0459243678735923
pi+n	2.1	1.62	7.44026148815505	0.0479023978946495
pi+n	2.1	1.6	7.75255481429938	0.0515876486090101
pi+n	2.1	1.58	8.52380950973799	0.0538114277731356
pi+n	2.1	1.56	9.80060660845449	0.0578802771926788
pi+n	2.1	1.54	11.5147678676216	0.0643132314722362
pi+n	2.1	1.52	13.3517712637182	0.0686876169455658
pi+n	2.1	1.5	14.103143515218	0.0702349641259371
pi+n	2.1	1.48	12.7558964815159	0.0655635917410067
pi+n	2.1	1.46	10.7812250987002	0.0598029059638733
pi+n	2.1	1.44	9.69322001556697	0.0580232245307178
pi+n	2.1	1.42	9.34715106015485	0.0589417740735078
pi+n	2.1	1.4	9.43747924598918	0.0592468208617917
pi+n	2.1	1.38	9.63531820876887	0.0583131060821073
pi+n	2.1	1.36	9.961993824952	0.0609268279937558
pi+n	2.1	1.34	9.98512957755861	0.0685063275133142
pi+n	2.1	1.32	9.75601217247099	0.0624125883655505
pi+n	2.1	1.3	9.69252815103844	0.0507297912045175
pi+n	2.1	1.28	10.2315674213854	0.0853717871619435
pi+n	2.1	1.26	10.7188132508166	0.0914101694035389
pi+n	2.1	1.24	10.7299754592908	0.0591043954283343
pi+n	2.1	1.22	10.5056338941431	0.0613214203504722
pi+n	2.1	1.2	9.10051877946356	0.062796420992159
pi+n	2.15	1.68	8.34085461809683	0.0496837333365229
pi+n	2.15	1.66	7.96481457144707	0.047596438452698
pi+n	2.15	1.64	7.50649679064577	0.0450687008566391
pi+n	2.15	1.62	7.32704077651886	0.0468961026772384
pi+n	2.15	1.6	7.62348359584561	0.0506192518740325
pi+n	2.15	1.58	8.37001510413198	0.0530322155894025
pi+n	2.15	1.56	9.54404747490544	0.0565556109670642
pi+n	2.15	1.54	11.2002989792153	0.0624383689725875
pi+n	2.15	1.52	12.9748660235056	0.0665410135263349
pi+n	2.15	1.5	13.640231722429	0.0679470096788143
pi+n	2.15	1.48	12.3642615852137	0.0638162059893782
pi+n	2.15	1.46	10.4707201494138	0.0583470665932766
pi+n	2.15	1.44	9.42603789931452	0.0569497947635561
pi+n	2.15	1.42	9.09098321469686	0.057678581536177
pi+n	2.15	1.4	9.16535826812832	0.0575991758108315
pi+n	2.15	1.38	9.36763371487772	0.0570606209897362
pi+n	2.15	1.36	9.66667408205245	0.0601802516796999
pi+n	2.15	1.34	9.6906033832718	0.0660510960407308
pi+n	2.15	1.32	9.48812292920515	0.0592329118356601
pi+n	2.15	1.3	9.40778537845773	0.0493849688283109
pi+n	2.15	1.28	9.88325180429044	0.0798549734014574
pi+n	2.15	1.26	10.3526801393801	0.0860714603821249
pi+n	2.15	1.24	10.3424379631237	0.0578057646164235
pi+n	2.15	1.22	10.0578809627229	0.0587475306564238
pi+n	2.15	1.2	8.73481750223254	0.0616298961527465
pi+n	2.2	1.68	8.21387315809543	0.0483968452498928
pi+n	2.2	1.66	7.84420616659703	0.0464113535101688
pi+n	2.2	1.64	7.39644805010654	0.0442402386167838
pi+n	2.2	1.62	7.21764122027935	0.0459205007633591
pi+n	2.2	1.6	7.49861160261899	0.0496811926355158
pi+n	2.2	1.58	8.22106987085709	0.0522794418080292
pi+n	2.2	1.56	9.29476509603715	0.0552697852666584
pi+n	2.2	1.54	10.8946252206436	0.0606151929908494
pi+n	2.2	1.52	12.6083867424705	0.0644525278831519
pi+n	2.2	1.5	13.1896960635494	0.0657203148245713
pi+n	2.2	1.48	11.9832140065227	0.062117521580146
pi+n	2.2	1.46	10.1687090749563	0.0569326082656141
pi+n	2.2	1.44	9.16622861965043	0.0559091804379714
pi+n	2.2	1.42	8.84189335445424	0.0564524351742071
pi+n	2.2	1.4	8.90068091596132	0.0559969509409553
pi+n	2.2	1.38	9.10734347061067	0.0558449336692926
pi+n	2.2	1.36	9.37942344739136	0.0594600226681882
pi+n	2.2	1.34	9.40416348917666	0.0636608165151269
pi+n	2.2	1.32	9.22773692130117	0.0561333550750421
pi+n	2.2	1.3	9.13095057804382	0.0480783292874861
pi+n	2.2	1.28	9.54440111082696	0.0744750607109485
pi+n	2.2	1.26	9.99656932153381	0.0808677780190384
pi+n	2.2	1.24	9.96549810096102	0.0565466555277651
pi+n	2.2	1.22	9.62216398126874	0.05624299238779
pi+n	2.2	1.2	8.37914784309651	0.0605013870081767
pi+n	2.25	1.68	8.09112269810464	0.0471466850367934
pi+n	2.25	1.66	7.72759571060392	0.0452601909076034
pi+n	2.25	1.64	7.29006404828203	0.0434373838588631
pi+n	2.25	1.62	7.11183810515502	0.0449738072438686
pi+n	2.25	1.6	7.37769407633665	0.0487717098803504
pi+n	2.25	1.58	8.0766935235254	0.0515515666485958
pi+n	2.25	1.56	9.05234584301542	0.0540205838262612
pi+n	2.25	1.54	10.5972497404389	0.0588407885580884
pi+n	2.25	1.52	12.2517477622619	0.0624189033294035
pi+n	2.25	1.5	12.7508468396787	0.0635514651177435
pi+n	2.25	1.48	11.612165286416	0.0604648230560912
pi+n	2.25	1.46	9.87472090305107	0.0555572279672815
pi+n	2.25	1.44	8.91338436822171	0.0548995502333833
pi+n	2.25	1.42	8.59949105919759	0.0552612813900855
pi+n	2.25	1.4	8.64303789478508	0.0544376472320152
pi+n	2.25	1.38	8.85404128674767	0.054664013852565
pi+n	2.25	1.36	9.09979944968892	0.0587646741585346
pi+n	2.25	1.34	9.12536644234977	0.061331935150753
pi+n	2.25	1.32	8.97444197675185	0.0531095429808374
pi+n	2.25	1.3	8.86158890453541	0.0468077708055587
pi+n	2.25	1.28	9.21449407966894	0.0692245397934229
pi+n	2.25	1.26	9.64992669515912	0.0757916792314817
pi+n	2.25	1.24	9.5985672566257	0.0553248662396021
pi+n	2.25	1.22	9.19781090068652	0.0538039329462374
pi+n	2.25	1.2	8.03294554965199	0.0594087482753568
pi+n	2.3	1.68	7.97235632816898	0.0459311474277903
pi+n	2.3	1.66	7.61475111239381	0.0441410140624462
pi+n	2.3	1.64	7.18713295968089	0.0426586682040088
pi+n	2.3	1.62	7.00942484710483	0.0440543801294279
pi+n	2.3	1.6	7.26050585735053	0.0478891832022663
pi+n	2.3	1.58	7.93662805091903	0.0508471733646365
pi+n	2.3	1.56	8.81640849831344	0.0528059645442406
pi+n	2.3	1.54	10.3077143574838	0.0571124672840803
pi+n	2.3	1.52	11.9044087067427	0.0604371344872376
pi+n	2.3	1.5	12.3230472128903	0.0614373078438124
pi+n	2.3	1.48	11.2505718591508	0.0588556026759618
pi+n	2.3	1.46	9.58832042796127	0.0542187981417518
pi+n	2.3	1.44	8.66712815924555	0.0539192123364343
pi+n	2.3	1.42	8.36341526435915	0.054103221693834
pi+n	2.3	1.4	8.3920505089184	0.0529189526003654
pi+n	2.3	1.38	8.6073512254725	0.0535159831113749
pi+n	2.3	1.36	8.82739241616943	0.0580928496857901
pi+n	2.3	1.34	8.85380156360117	0.0590611601998491
pi+n	2.3	1.32	8.72785634297771	0.0501574213778948
pi+n	2.3	1.3	8.59929753828489	0.0455713465646965
pi+n	2.3	1.28	8.8930477796444	0.0640964511807913
pi+n	2.3	1.26	9.31223894185174	0.07083626702498
pi+n	2.3	1.24	9.24110021643803	0.0541383577346687
pi+n	2.3	1.22	8.78419935776633	0.0514267660611551
pi+n	2.3	1.2	7.69568829472557	0.0583499946423432
pi+n	2.35	1.68	7.85734687853731	0.0447482935583419
pi+n	2.35	1.66	7.50545875207572	0.0430520388401254
pi+n	2.35	1.64	7.08745974765313	0.0419027390378217
pi+n	2.35	1.62	6.91021114460197	0.0431607058540224
pi+n	2.35	1.6	7.14683939850734	0.0470321185788696
pi+n	2.35	1.58	7.80063547281091	0.0501649558040034
pi+n	2.35	1.56	8.58660102492853	0.0516240420873415
pi+n	2.35	1.54	10.0255957293358	0.0554277449274673
pi+n	2.35	1.52	11.5658700225982	0.058504442574301
pi+n	2.35	1.5	11.9057080421049	0.059374926447379
pi+n	2.35	1.48	10.8979306891327	0.0572875401846941
pi+n	2.35	1.46	9.30910475278694	0.0529153496838669
pi+n	2.35	1.44	8.42711086661283	0.0529666009438291
pi+n	2.35	1.42	8.13333145672151	0.0529764978292313
pi+n	2.35	1.4	8.14736775890756	0.051438724155993
pi+n	2.35	1.38	8.36692474636886	0.052399100478888
pi+n	2.35	1.36	8.56182239849282	0.0574432926401596
pi+n	2.35	1.34	8.58908789153414	0.0568454375729622
pi+n	2.35	1.32	8.48762586117378	0.0472732273850034
pi+n	2.35	1.3	8.3437027240657	0.04436725036246
pi+n	2.35	1.28	8.57961408046216	0.0590843348284253
pi+n	2.35	1.26	8.98302977819153	0.0659951404645016
pi+n	2.35	1.24	8.89259118309891	0.0529852388873587
pi+n	2.35	1.22	8.38075211166258	0.0491081654893271
pi+n	2.35	1.2	7.36689181543943	0.0573232859797533
pi+n	2.4	1.68	7.74588493144483	0.0435963343209511
pi+n	2.4	1.66	7.39952162681383	0.0419916183522161
pi+n	2.4	1.64	6.99086448459016	0.0411683479654558
pi+n	2.4	1.62	6.81402135642184	0.0422913865427761
pi+n	2.4	1.6	7.03650302047127	0.0461991358758775
pi+n	2.4	1.58	7.66849586747496	0.0495037074785728
pi+n	2.4	1.56	8.3625977238226	0.0504730725884528
pi+n	2.4	1.54	9.75050197881433	0.0537843216468193
pi+n	2.4	1.52	11.2356690506128	0.0566182536284554
pi+n	2.4	1.5	11.4982833294794	0.0573616179837199
pi+n	2.4	1.48	10.5537754211434	0.0557584849674653
pi+n	2.4	1.46	9.03670023653811	0.0516450569287213
pi+n	2.4	1.44	8.19300860592631	0.0520402643442651
pi+n	2.4	1.42	7.90892919455343	0.0518794786260635
pi+n	2.4	1.4	7.90866377220556	0.0499949724988038
pi+n	2.4	1.38	8.13243817826965	0.0513117497177698
pi+n	2.4	1.36	8.30273644710662	0.0568148369880529
pi+n	2.4	1.34	8.3308714707702	0.0546819291995267
pi+n	2.4	1.32	8.25342145718034	0.0444534630823777
pi+n	2.4	1.3	8.09445713949525	0.0431938038667263
pi+n	2.4	1.28	8.27377651386847	0.0541821852621449
pi+n	2.4	1.26	8.66185662009202	0.0612623501401266
pi+n	2.4	1.24	8.55257022743118	0.0518637531049628
pi+n	2.4	1.22	7.98693298051442	0.0468450415972082
pi+n	2.4	1.2	7.04610647558087	0.0563269141800977
pi+n	2.45	1.68	7.61483475444325	0.0425103716021313
pi+n	2.45	1.66	7.2744391261574	0.0410070734692284
pi+n	2.45	1.64	6.8758044205	0.0404291947869725
pi+n	2.45	1.62	6.70172600414068	0.0414541371548165
pi+n	2.45	1.6	6.91034997438787	0.0453271861553061
pi+n	2.45	1.58	7.5216681372036	0.0487042298051078
pi+n	2.45	1.56	8.14624796006848	0.0493135324125951
pi+n	2.45	1.54	9.4827711909857	0.0522038655768265
pi+n	2.45	1.52	10.9166948240186	0.054855960082591
pi+n	2.45	1.5	11.1218991426024	0.0555047104115618
pi+n	2.45	1.48	10.2263224910684	0.0542321992048677
pi+n	2.45	1.46	8.77228790485534	0.0503616349275303
pi+n	2.45	1.44	7.9637095299892	0.051027601570596
pi+n	2.45	1.42	7.68837093841896	0.0507885346778479
pi+n	2.45	1.4	7.67385033843961	0.048644308116201
pi+n	2.45	1.38	7.89588457678186	0.0501297436817974
pi+n	2.45	1.36	8.04252330294282	0.0558020700158054
pi+n	2.45	1.34	8.06940780042322	0.0524758992717672
pi+n	2.45	1.32	8.01118454439371	0.0419630108583339
pi+n	2.45	1.3	7.8411966703566	0.042029147923281
pi+n	2.45	1.28	7.97096706420627	0.0499225084457674
pi+n	2.45	1.26	8.3381894908611	0.0570509704139493
pi+n	2.45	1.24	8.22052590026444	0.0508893800024709
pi+n	2.45	1.22	7.62940734382256	0.0454525604270801
pi+n	2.45	1.2	6.75024143636396	0.0557988620769609
pi+n	2.5	1.68	7.39650716253073	0.041597031716978
pi+n	2.5	1.66	7.06436139263312	0.0402407359095144
pi+n	2.5	1.64	6.67921106757851	0.0396102017234365
pi+n	2.5	1.62	6.51734671773868	0.0406742741834573
pi+n	2.5	1.6	6.71237694089243	0.044233252178226
pi+n	2.5	1.58	7.30598109587629	0.047300121829602
pi+n	2.5	1.56	7.94360468259585	0.0480323217630932
pi+n	2.5	1.54	9.22413105421182	0.0507544684552872
pi+n	2.5	1.52	10.6183181895326	0.0534502348490563
pi+n	2.5	1.5	10.8397779989099	0.0541252640146697
pi+n	2.5	1.48	9.94063616474964	0.0526060087563991
pi+n	2.5	1.46	8.52004411203036	0.0489322199623127
pi+n	2.5	1.44	7.73654603933197	0.049599795699843
pi+n	2.5	1.42	7.46682748845068	0.049637147264336
pi+n	2.5	1.4	7.43738941537078	0.0475571237315262
pi+n	2.5	1.38	7.63429738241945	0.0484905006372354
pi+n	2.5	1.36	7.75943755276485	0.0532137138579959
pi+n	2.5	1.34	7.77667566011944	0.0499537977035132
pi+n	2.5	1.32	7.72015211442034	0.0405880538552407
pi+n	2.5	1.3	7.55406963371799	0.0408120917566723
pi+n	2.5	1.28	7.65852296145807	0.047883528317286
pi+n	2.5	1.26	7.98187444759724	0.0545875058846763
pi+n	2.5	1.24	7.89583249686283	0.0504051244075128
pi+n	2.5	1.22	7.38760923829303	0.0473341684765536
pi+n	2.5	1.2	6.52986320559949	0.0570303366448402
pi+n	2.55	1.68	7.18330362100229	0.0407065914406302
pi+n	2.55	1.66	6.85917931019372	0.0394942296216939
pi+n	2.55	1.64	6.48718432522524	0.0388118269152662
pi+n	2.55	1.62	6.3372634485939	0.0399143418297273
pi+n	2.55	1.6	6.51895796270454	0.0431654346320383
pi+n	2.55	1.58	7.09523482092367	0.0459281433028941
pi+n	2.55	1.56	7.74572914484382	0.0467809667560574
pi+n	2.55	1.54	8.97143781448785	0.0493382746378117
pi+n	2.55	1.52	10.3267823235979	0.0520771841447062
pi+n	2.55	1.5	10.5642167347585	0.0527780382124901
pi+n	2.55	1.48	9.66145042774732	0.0510163069008418
pi+n	2.55	1.46	8.27350377124039	0.0475352092379697
pi+n	2.55	1.44	7.51452804733343	0.0482044564362543
pi+n	2.55	1.42	7.2502967499879	0.0485132058196814
pi+n	2.55	1.4	7.2062191576533	0.0464959860925666
pi+n	2.55	1.38	7.37850092088515	0.0468876293023837
pi+n	2.55	1.36	7.48257395278557	0.0506799511710694
pi+n	2.55	1.34	7.49037190216696	0.047484861489809
pi+n	2.55	1.32	7.4355407596023	0.0392439718586489
pi+n	2.55	1.3	7.27330583984205	0.0396231688540895
pi+n	2.55	1.28	7.35297419471792	0.0458892671954467
pi+n	2.55	1.26	7.63338017707371	0.0521780315908382
pi+n	2.55	1.24	7.57840949493909	0.0499369820623138
pi+n	2.55	1.22	7.15148346418233	0.0491861364917496
pi+n	2.55	1.2	6.31467896691033	0.0582459248151992
pi+n	2.6	1.68	6.9749673993111	0.0398378948584477
pi+n	2.6	1.66	6.6586487421021	0.0387665543328639
pi+n	2.6	1.64	6.29949742962941	0.0380330376109982
pi+n	2.6	1.62	6.16126361926735	0.0391733443857071
pi+n	2.6	1.6	6.32986885825112	0.042122442870967
pi+n	2.6	1.58	6.88918709575262	0.0445867192838593
pi+n	2.6	1.56	7.55238782995944	0.0455580064731502
pi+n	2.6	1.54	8.724401846489	0.0479536676266446
pi+n	2.6	1.52	10.0417552197183	0.0507352201962848
pi+n	2.6	1.5	10.2948975264013	0.0514614713314623
pi+n	2.6	1.48	9.38845172318825	0.0494613356310197
pi+n	2.6	1.46	8.032392517655	0.046169043636053
pi+n	2.6	1.44	7.29740843237185	0.0468400240835773
pi+n	2.6	1.42	7.03853830413533	0.0474153895580282
pi+n	2.6	1.4	6.9800861737331	0.045459642647877
pi+n	2.6	1.38	7.12821803510931	0.0453193886209913
pi+n	2.6	1.36	7.21163461286674	0.04819817390235
pi+n	2.6	1.34	7.21018834687736	0.0450665467455514
pi+n	2.6	1.32	7.15704193106794	0.0379292801998391
pi+n	2.6	1.3	6.99859858096979	0.038461021227343
pi+n	2.6	1.28	7.05398722048753	0.0439375623293446
pi+n	2.6	1.26	7.29232669777047	0.0498199244548807
pi+n	2.6	1.24	7.26790157931529	0.0494841599564788
pi+n	2.6	1.22	6.92075085996918	0.051009911121583
pi+n	2.6	1.2	6.10443131891977	0.05944640498808
pi+n	2.65	1.68	6.77125952874401	0.0389898664435074
pi+n	2.65	1.66	6.46254235959419	0.0380567791964577
pi+n	2.65	1.64	6.11593915519323	0.037272872275387
pi+n	2.65	1.62	5.98914915534793	0.0384503545645346
pi+n	2.65	1.6	6.14490065276121	0.0411030740611104
pi+n	2.65	1.58	6.68761204981655	0.0432743811072116
pi+n	2.65	1.56	7.36336293751498	0.0443620782458043
pi+n	2.65	1.54	8.48275288753956	0.0465991389619307
pi+n	2.65	1.52	9.76292695537494	0.0494228609557446
pi+n	2.65	1.5	10.0315236125827	0.0501741052262865
pi+n	2.65	1.48	9.12134714509424	0.0479394526025811
pi+n	2.65	1.46	7.79645396896939	0.0448322662451843
pi+n	2.65	1.44	7.08495620558911	0.0455050407931012
pi+n	2.65	1.42	6.83132736757643	0.0463424638665086
pi+n	2.65	1.4	6.75875348622617	0.0444469223050715
pi+n	2.65	1.38	6.88318946240246	0.0437841499610785
pi+n	2.65	1.36	6.94634082959881	0.0457659416104647
pi+n	2.65	1.34	6.93583663748078	0.0426964728902728
pi+n	2.65	1.32	6.88436692057061	0.0366425897492407
pi+n	2.65	1.3	6.72966088145908	0.0373243783888297
pi+n	2.65	1.28	6.76124997746936	0.0420263902337911
pi+n	2.65	1.26	6.95835855209175	0.0475107306849834
pi+n	2.65	1.24	6.96397645250907	0.049045916841144
pi+n	2.65	1.22	6.69515044074578	0.0528068456785653
pi+n	2.65	1.2	5.89887970655254	0.0606325052553909
pi+n	2.7	1.68	6.57195723998875	0.0381615039616688
pi+n	2.7	1.66	6.2706481694477	0.037364036677815
pi+n	2.7	1.64	5.93631245898922	0.0365304343499297
pi+n	2.7	1.62	5.82073522531563	0.0377445075259312
pi+n	2.7	1.6	5.96385826381554	0.0401062055738411
pi+n	2.7	1.58	6.49029875262374	0.0419897572428709
pi+n	2.7	1.56	7.17845103608877	0.0431919092367519
pi+n	2.7	1.54	8.24623838823824	0.0452732790207669
pi+n	2.7	1.52	9.49000782096461	0.0481387211351961
pi+n	2.7	1.5	9.77381751801332	0.0489145765454136
pi+n	2.7	1.48	8.85986270825696	0.0464491214521821
pi+n	2.7	1.46	7.56544822755906	0.043523513846432
pi+n	2.7	1.44	6.87695517416218	0.0441981421228518
pi+n	2.7	1.42	6.62845350386495	0.0452932731822247
pi+n	2.7	1.4	6.54199918658772	0.0434567287299576
pi+n	2.7	1.38	6.64317237536504	0.0422803879468413
pi+n	2.7	1.36	6.68643152879853	0.0433809678884245
pi+n	2.7	1.34	6.6670466366523	0.0403724094644124
pi+n	2.7	1.32	6.61724525971137	0.0353825992024369
pi+n	2.7	1.3	6.46622390862299	0.0362120502934572
pi+n	2.7	1.28	6.47447015852762	0.040153855489086
pi+n	2.7	1.26	6.63114283398023	0.0452481521605181
pi+n	2.7	1.24	6.66632298047477	0.0486215590257769
pi+n	2.7	1.22	6.4744379293239	0.0545782076073029
pi+n	2.7	1.2	5.69779905512808	0.0618049074242549
pi+n	2.75	1.68	6.37685256624663	0.0373518721299058
pi+n	2.75	1.66	6.08276819707611	0.0366875170877415
pi+n	2.75	1.64	5.76043326793407	0.0358048866721065
pi+n	2.75	1.62	5.65584911264463	0.0370549955307311
pi+n	2.75	1.6	5.78655932426504	0.0391307881752936
pi+n	2.75	1.58	6.29704995407866	0.0407315651066272
pi+n	2.75	1.56	6.9974618556494	0.0420463088946714
pi+n	2.75	1.54	8.01462203328117	0.0439747687655376
pi+n	2.75	1.52	9.22272664086265	0.0468815041629802
pi+n	2.75	1.5	9.52151945845712	0.0476816088896481
pi+n	2.75	1.48	8.60374179386746	0.044988903098529
pi+n	2.75	1.46	7.33915053390755	0.0422415092587203
pi+n	2.75	1.44	6.67320273882157	0.042918049444652
pi+n	2.75	1.42	6.42971946338808	0.0442667345821759
pi+n	2.75	1.4	6.32961522325955	0.042488034312619
pi+n	2.75	1.38	6.40793906667021	0.040806672194672
pi+n	2.75	1.36	6.43166186070193	0.0410411081151342
pi+n	2.75	1.34	6.40356497944498	0.0380922642291649
pi+n	2.75	1.32	6.35542327463235	0.0341480881159056
pi+n	2.75	1.3	6.20803553734413	0.0351229209646019
pi+n	2.75	1.28	6.19337364933508	0.038318180620928
pi+n	2.75	1.26	6.31036740637092	0.043030034127831
pi+n	2.75	1.24	6.37464951675039	0.0482104365827206
pi+n	2.75	1.22	6.25838442884809	0.0563251852410209
pi+n	2.75	1.2	5.50097853623657	0.0629642506578817
pi+n	2.8	1.68	6.1857510915276	0.0365600969351398
pi+n	2.8	1.66	5.89871730605933	0.0360264636843672
pi+n	2.8	1.64	5.58812939120392	0.0350954464725448
pi+n	2.8	1.62	5.49432920399342	0.0363810631474267
pi+n	2.8	1.6	5.61283312579082	0.0381758399149113
pi+n	2.8	1.58	6.10768095339306	0.0394986037066289
pi+n	2.8	1.56	6.82021720281707	0.0409241621762734
pi+n	2.8	1.54	7.78768241196525	0.0427023723271096
pi+n	2.8	1.52	8.96082926354454	0.0456499949502309
pi+n	2.8	1.5	9.2743859057145	0.0464740057570393
pi+n	2.8	1.48	8.35274374999573	0.0435574479094342
pi+n	2.8	1.46	7.11735005340875	0.0409850544425051
pi+n	2.8	1.44	6.473508809817	0.0416635630992466
pi+n	2.8	1.42	6.23494013694347	0.0432618320025327
pi+n	2.8	1.4	6.12140630777364	0.041539874722683
pi+n	2.8	1.38	6.17727576109625	0.0393616598488234
pi+n	2.8	1.36	6.18180193032122	0.0387443483830758
pi+n	2.8	1.34	6.14515376477755	0.0358540724036488
pi+n	2.8	1.32	6.0986627785327	0.0329379106073342
pi+n	2.8	1.3	5.95485905109719	0.0340559427267324
pi+n	2.8	1.28	5.91770311496789	0.0365176969390649
pi+n	2.8	1.26	5.99573928722613	0.0408543540596215
pi+n	2.8	1.24	6.08868238507513	0.0478119399135449
pi+n	2.8	1.22	6.04677522111191	0.058048893924767
pi+n	2.8	1.2	5.30822045068282	0.0641111347760081
pi+n	2.85	1.68	5.99847082659822	0.0357853605337241
pi+n	2.85	1.66	5.71832213767512	0.0353801682746994
pi+n	2.85	1.64	5.41923954283968	0.0344013808805307
pi+n	2.85	1.62	5.33602407956592	0.0357220029444141
pi+n	2.85	1.6	5.44251966868884	0.0372404406294328
pi+n	2.85	1.58	5.92201858125305	0.0382897470261431
pi+n	2.85	1.56	6.64654998440443	0.0398244234446783
pi+n	2.85	1.54	7.56521182066823	0.0414549303241543
pi+n	2.85	1.52	8.7040772008537	0.0444430533724174
pi+n	2.85	1.5	9.0321882937388	0.0452906441817904
pi+n	2.85	1.48	8.10664262885114	0.0421534886338855
pi+n	2.85	1.46	6.89984878106325	0.0397530242736927
pi+n	2.85	1.44	6.27769482765423	0.0404335562131063
pi+n	2.85	1.42	6.04394160988605	0.042277611014859
pi+n	2.85	1.4	5.91718892535371	0.0406113439863705
pi+n	2.85	1.38	5.95098154038183	0.0379440888260486
pi+n	2.85	1.36	5.93663564773595	0.0364887954698733
pi+n	2.85	1.34	5.89158936995572	0.0336559869122057
pi+n	2.85	1.32	5.84673988664852	0.031750989646401
pi+n	2.85	1.3	5.70647196425131	0.0330101309773162
pi+n	2.85	1.28	5.6472167181133	0.0347508362288513
pi+n	2.85	1.26	5.68698318560601	0.0387192115499185
pi+n	2.85	1.24	5.8081645030765	0.0474254966371508
pi+n	2.85	1.22	5.83940867677732	0.0597503815740843
pi+n	2.85	1.2	5.11933921564662	0.0652461232517148
pi+n	2.9	1.68	5.81484119744891	0.0350268966626507
pi+n	2.9	1.66	5.54142015623753	0.0347479672566391
pi+n	2.9	1.64	5.25361246154188	0.0337220028777823
pi+n	2.9	1.62	5.1807916936193	0.0350771516106546
pi+n	2.9	1.6	5.27546880541905	0.0363237269900551
pi+n	2.9	1.58	5.73990028200006	0.0371039380565056
pi+n	2.9	1.56	6.47630332661077	0.0387461109652491
pi+n	2.9	1.54	7.34701518198466	0.0402313538331518
pi+n	2.9	1.52	8.45224639917341	0.043259608383176
pi+n	2.9	1.5	8.79471184963612	0.0441304689872617
pi+n	2.9	1.48	7.86522604516038	0.0407758340115693
pi+n	2.9	1.46	6.68646055063876	0.0385443609114483
pi+n	2.9	1.44	6.08559287673137	0.0392269691019229
pi+n	2.9	1.42	5.85656030551259	0.0413131740963963
pi+n	2.9	1.4	5.71679043831271	0.0397015900267404
pi+n	2.9	1.38	5.72886736834836	0.0365527716903104
pi+n	2.9	1.36	5.695959685052	0.0342726677384705
pi+n	2.9	1.34	5.64266137469329	0.0314962695309024
pi+n	2.9	1.32	5.5994439402942	0.0305863118713591
pi+n	2.9	1.3	5.46266495244006	0.0319845594391779
pi+n	2.9	1.28	5.38168695461255	0.0330161232032053
pi+n	2.9	1.26	5.38384017155202	0.0366228191326827
pi+n	2.9	1.24	5.53285413179875	0.0470505687646175
pi+n	2.9	1.22	5.63609526541836	0.0614306337294592
pi+n	2.9	1.2	4.93416044480766	0.0663697459369145
pi+n	2.95	1.68	5.6478006012215	0.0345365029156089
pi+n	2.95	1.66	5.38586093146168	0.034188676169976
pi+n	2.95	1.64	5.11044458220223	0.0332149076691907
pi+n	2.95	1.62	5.03418501434132	0.0344334074539191
pi+n	2.95	1.6	5.11945818978088	0.0356805266698275
pi+n	2.95	1.58	5.56321250915141	0.0363981859261988
pi+n	2.95	1.56	6.27597514842461	0.037820518938875
pi+n	2.95	1.54	7.10429138784904	0.0391016292180072
pi+n	2.95	1.52	8.16933800395208	0.0420983462412572
pi+n	2.95	1.5	8.53070535531934	0.0431362310349923
pi+n	2.95	1.48	7.64206084645348	0.0400450076993081
pi+n	2.95	1.46	6.48118840318045	0.0377287990659958
pi+n	2.95	1.44	5.88002167511967	0.0380928375253091
pi+n	2.95	1.42	5.65665962700908	0.040144145139521
pi+n	2.95	1.4	5.51652677211596	0.038487715177033
pi+n	2.95	1.38	5.51713204590865	0.0352470220769046
pi+n	2.95	1.36	5.48959118848249	0.0331559667772942
pi+n	2.95	1.34	5.43355601219808	0.0305343575127096
pi+n	2.95	1.32	5.38680024917071	0.0300909705448999
pi+n	2.95	1.3	5.25811287310408	0.0314300744353847
pi+n	2.95	1.28	5.17167961707046	0.0322833185483826
pi+n	2.95	1.26	5.17465490521156	0.0361374107601961
pi+n	2.95	1.24	5.32073323649139	0.0462664918418138
pi+n	2.95	1.22	5.41685764162238	0.0599381644111678
pi+n	2.95	1.2	4.73866123812402	0.0648391003073406
pi+n	3	1.68	5.48714907739026	0.034119765415387
pi+n	3	1.66	5.23769061629379	0.0336561119077527
pi+n	3	1.64	4.97476810575649	0.0327581055231071
pi+n	3	1.62	4.89171700557759	0.0337997569323285
pi+n	3	1.6	4.96828172126234	0.0351140102478216
pi+n	3	1.58	5.39024760240946	0.035820304606455
pi+n	3	1.56	6.07100568290258	0.0369453844709518
pi+n	3	1.54	6.85881314166298	0.0380103386308678
pi+n	3	1.52	7.88259670879697	0.0409585535681178
pi+n	3	1.5	8.26378721830882	0.042196772389073
pi+n	3	1.48	7.42640249747251	0.0394832782533071
pi+n	3	1.46	6.28066335319287	0.037021125418925
pi+n	3	1.44	5.67388577645644	0.0369918554930265
pi+n	3	1.42	5.45635027271263	0.0389411375122577
pi+n	3	1.4	5.31894515212926	0.0372159636389102
pi+n	3	1.38	5.31071737607445	0.0339794408448819
pi+n	3	1.36	5.29433476870036	0.0323228657898147
pi+n	3	1.34	5.23694667049541	0.0298781661828755
pi+n	3	1.32	5.18543821494772	0.0297669715661734
pi+n	3	1.3	5.06587810974465	0.030999321323969
pi+n	3	1.28	4.97803279832217	0.0318060169688896
pi+n	3	1.26	4.99122114919573	0.0360536880235324
pi+n	3	1.24	5.1269152294921	0.045395234918369
pi+n	3	1.22	5.19672475839682	0.0576935109046297
pi+n	3	1.2	4.54332648246969	0.0626839684396689
pi+n	3.05	1.68	5.32945517544187	0.03371262387388
pi+n	3.05	1.66	5.09225268840599	0.0331347954535532
pi+n	3.05	1.64	4.84160017335388	0.0323112816288256
pi+n	3.05	1.62	4.75184135816422	0.0331787836918669
pi+n	3.05	1.6	4.81982556234362	0.0345592527044532
pi+n	3.05	1.58	5.22035800254922	0.0352543812496282
pi+n	3.05	1.56	5.86964156803241	0.0360866819299096
pi+n	3.05	1.54	6.61760530573888	0.0369387389673792
pi+n	3.05	1.52	7.60082394587047	0.039839413501811
pi+n	3.05	1.5	8.00157628521135	0.0412751097946473
pi+n	3.05	1.48	7.214615875345	0.03893351983383
pi+n	3.05	1.46	6.08368028709523	0.0363273440157313
pi+n	3.05	1.44	5.47132014342145	0.0359105700670049
pi+n	3.05	1.42	5.25950942206572	0.0377595415229812
pi+n	3.05	1.4	5.12478542512924	0.0359665187883889
pi+n	3.05	1.38	5.10786336976604	0.0327338550729016
pi+n	3.05	1.36	5.10248306653952	0.0315052201364173
pi+n	3.05	1.34	5.04376981755043	0.0292346216646089
pi+n	3.05	1.32	4.98759025115408	0.0294507004817631
pi+n	3.05	1.3	4.87702670339581	0.03057806859308
pi+n	3.05	1.28	4.78780173598472	0.0313390623178911
pi+n	3.05	1.26	4.81107150238745	0.0359748352204893
pi+n	3.05	1.24	4.93657736547539	0.0445418806942808
pi+n	3.05	1.22	4.98051130490375	0.0554893049828974
pi+n	3.05	1.2	4.35149169386197	0.0605687575029413
pi+n	3.1	1.68	5.17459552447079	0.0333146702941733
pi+n	3.1	1.66	4.94943349282995	0.0326242534374161
pi+n	3.1	1.64	4.71083671911285	0.0318740163685393
pi+n	3.1	1.62	4.61445097916137	0.032569959886287
pi+n	3.1	1.6	4.67397773375455	0.0340157645498657
pi+n	3.1	1.58	5.05341754519917	0.0346999196417834
pi+n	3.1	1.56	5.6717353383593	0.0352437358877544
pi+n	3.1	1.54	6.38049368517537	0.0358860248499617
pi+n	3.1	1.52	7.32381741623025	0.0387400825446394
pi+n	3.1	1.5	7.7438809118559	0.0403705154661094
pi+n	3.1	1.48	7.00654333345013	0.0383952404448053
pi+n	3.1	1.46	5.89009520891689	0.0356468869119643
pi+n	3.1	1.44	5.27217980108235	0.0348481801035117
pi+n	3.1	1.42	5.06599617818017	0.0365984862599566
pi+n	3.1	1.4	4.93390846225943	0.0347384731724294
pi+n	3.1	1.38	4.90842507266759	0.0315093691202476
pi+n	3.1	1.36	4.91389714719668	0.0307023978249994
pi+n	3.1	1.34	4.85388502498011	0.0286032050669631
pi+n	3.1	1.32	4.79311214263342	0.0291418378643729
pi+n	3.1	1.3	4.69141925446363	0.0301659229942492
pi+n	3.1	1.28	4.60084507617875	0.0308820248434253
pi+n	3.1	1.26	4.63406934767633	0.0359006474735473
pi+n	3.1	1.24	4.74957405876379	0.04370567895941
pi+n	3.1	1.22	4.76805231681173	0.0533238440255954
pi+n	3.1	1.2	4.16300854614512	0.058491775178902
pi+n	3.15	1.68	5.0224538410628	0.0329255204614541
pi+n	3.15	1.66	4.80912587919728	0.0321240398299508
pi+n	3.15	1.64	4.58237961050344	0.0314459143097642
pi+n	3.15	1.62	4.47944485031144	0.0319727878040495
pi+n	3.15	1.6	4.53063257793984	0.0334830841872187
pi+n	3.15	1.58	4.8893071547947	0.0341564517228795
pi+n	3.15	1.56	5.47714777650969	0.034415908858854
pi+n	3.15	1.54	6.14731378539118	0.0348514358580649
pi+n	3.15	1.52	7.05138604441757	0.0376597641284622
pi+n	3.15	1.5	7.4905200635109	0.0394823020761222
pi+n	3.15	1.48	6.80203593496846	0.0378679755113175
pi+n	3.15	1.46	5.6997720494162	0.0349792175958649
pi+n	3.15	1.44	5.07632772849126	0.0338039284854338
pi+n	3.15	1.42	4.87567736014362	0.0354571485673196
pi+n	3.15	1.4	4.74618274363406	0.033530968994243
pi+n	3.15	1.38	4.71226545040471	0.0303051362933974
pi+n	3.15	1.36	4.72844566843058	0.0299138014752405
pi+n	3.15	1.34	4.66715954202644	0.0279834259536796
pi+n	3.15	1.32	4.60186756738655	0.0288400819015486
pi+n	3.15	1.3	4.50892400835145	0.0297625129519426
pi+n	3.15	1.28	4.41702923715208	0.0304344985151621
pi+n	3.15	1.26	4.4600856063078	0.0358309313462845
pi+n	3.15	1.24	4.56576778953035	0.042885921144152
pi+n	3.15	1.22	4.55919201209781	0.0511955201979951
pi+n	3.15	1.2	3.97773701591515	0.0564514239092109
pi+n	3.2	1.68	4.87292041028832	0.0325448121837272
pi+n	3.2	1.66	4.67122872721196	0.0316337339346323
pi+n	3.2	1.64	4.4561362171679	0.0310266024337622
pi+n	3.2	1.62	4.34672758879837	0.0313867976787614
pi+n	3.2	1.6	4.38969030418728	0.0329607758911645
pi+n	3.2	1.58	4.72791433707721	0.0336235355555817
pi+n	3.2	1.56	5.28574732566657	0.0336025985876811
pi+n	3.2	1.54	5.91791012465995	0.0338342533356174
pi+n	3.2	1.52	6.78334918674495	0.0365977052962352
pi+n	3.2	1.5	7.24132256904984	0.0386098199011064
pi+n	3.2	1.48	6.60095284265688	0.0373512859434954
pi+n	3.2	1.46	5.51258211345719	0.0343238287862769
pi+n	3.2	1.44	4.88363430682393	0.032777099062958
pi+n	3.2	1.42	4.68842696955589	0.0343347497392796
pi+n	3.2	1.4	4.56148383390658	0.0323431946890041
pi+n	3.2	1.38	4.51925484420941	0.0291203554811079
pi+n	3.2	1.36	4.54600435961031	0.0291388659386507
pi+n	3.2	1.34	4.48346776953418	0.0273748203877007
pi+n	3.2	1.32	4.41372755622262	0.0285451471804894
pi+n	3.2	1.3	4.32941633200786	0.0293674870720325
pi+n	3.2	1.28	4.23622787670149	0.0299960993922343
pi+n	3.2	1.26	4.28899822035546	0.0357655040479908
pi+n	3.2	1.24	4.38502854868209	0.0420819374479601
pi+n	3.2	1.22	4.35378315705379	0.049102813905508
pi+n	3.2	1.2	3.79554480677049	0.0544461943221205
pi+n	3.25	1.68	4.72589161269517	0.0321722036895301
pi+n	3.25	1.66	4.53564651404474	0.0311529385582755
pi+n	3.25	1.64	4.33201901770461	0.0306157285208224
pi+n	3.25	1.62	4.2162090465131	0.0308115456922407
pi+n	3.25	1.6	4.25105657345817	0.0324484279637097
pi+n	3.25	1.58	4.56913271568391	0.0331007534715732
pi+n	3.25	1.56	5.09740955284353	0.0328032355717095
pi+n	3.25	1.54	5.69213560578924	0.0328337974735812
pi+n	3.25	1.52	6.5195359073696	0.0355531936682362
pi+n	3.25	1.5	6.99612643872302	0.0377524542109034
pi+n	3.25	1.48	6.40316076045606	0.0368447563659348
pi+n	3.25	1.46	5.32840357406907	0.03368024041737
pi+n	3.25	1.44	4.69397681387863	0.0317670138516054
pi+n	3.25	1.42	4.50412570167537	0.0332305524910766
pi+n	3.25	1.4	4.37969390150409	0.0311743817848213
pi+n	3.25	1.38	4.3292704717202	0.0279542680685771
pi+n	3.25	1.36	4.36645554382254	0.028377056115744
pi+n	3.25	1.34	4.30269077727538	0.0267769491373093
pi+n	3.25	1.32	4.2285699968289	0.0282567635735216
pi+n	3.25	1.3	4.15277823344033	0.0289805127733308
pi+n	3.25	1.28	4.0583214032715	0.0295664641254881
pi+n	3.25	1.26	4.12069167764763	0.0357041927043803
pi+n	3.25	1.24	4.2072333283237	0.0412930942041325
pi+n	3.25	1.22	4.15168648444132	0.0470442877866671
pi+n	3.25	1.2	3.61630682106305	0.0524746592016624
pi+n	3.3	1.68	4.58126949254147	0.0318073721663319
pi+n	3.3	1.66	4.40228891932312	0.0306812783412448
pi+n	3.3	1.64	4.20994524050829	0.0302129596761939
pi+n	3.3	1.62	4.08780394387585	0.030246612150402
pi+n	3.3	1.6	4.11464211886265	0.0319456510492685
pi+n	3.3	1.58	4.41286160834026	0.0325877103772201
pi+n	3.3	1.56	4.91201665780814	0.0320172807955773
pi+n	3.3	1.54	5.46985094097448	0.0318494246398096
pi+n	3.3	1.52	6.25978431534155	0.034525554664327
pi+n	3.3	1.5	6.75477823916997	0.0369096228781169
pi+n	3.3	1.48	6.20853342176462	0.0363479934960706
pi+n	3.3	1.46	5.14712100856072	0.0330479977915907
pi+n	3.3	1.44	4.50723896036508	0.0307730304622216
pi+n	3.3	1.42	4.32266049680013	0.0321438581795208
pi+n	3.3	1.4	4.20070127726581	0.0300238020211163
pi+n	3.3	1.38	4.14219596853434	0.0268061551035719
pi+n	3.3	1.36	4.18968769887409	0.027627864951236
pi+n	3.3	1.34	4.12471586044671	0.0261893960282854
pi+n	3.3	1.32	4.04627917799787	0.0279746752145041
pi+n	3.3	1.3	3.9788979200846	0.0286012750303506
pi+n	3.3	1.28	3.88319652656193	0.0291452485812706
pi+n	3.3	1.26	3.95505657510128	0.0356468336880172
pi+n	3.3	1.24	4.03226565345912	0.0405187914583059
pi+n	3.3	1.22	3.95277015882594	0.0450185811932645
pi+n	3.3	1.2	3.43990467461507	0.0505354679475335
pi+n	3.35	1.68	4.43896136306951	0.0314500124252252
pi+n	3.35	1.66	4.2710704638986	0.0302183982311249
pi+n	3.35	1.64	4.08983653521706	0.0298179809823707
pi+n	3.35	1.62	3.9614315347275	0.0296915998144783
pi+n	3.35	1.6	3.98036239819539	0.0314520765928354
pi+n	3.35	1.58	4.25900563868807	0.0320840322025603
pi+n	3.35	1.56	4.72945702310114	0.0312442236554001
pi+n	3.35	1.54	5.25092412454755	0.0308805249316241
pi+n	3.35	1.52	6.00394095659861	0.0335141489568997
pi+n	3.35	1.5	6.51713252003535	0.0360807741854469
pi+n	3.35	1.48	6.01695111980234	0.0358606246568096
pi+n	3.35	1.46	4.96862497258771	0.0324266698843712
pi+n	3.35	1.44	4.32331046392982	0.0297945397403978
pi+n	3.35	1.42	4.14392412800025	0.0310740042490006
pi+n	3.35	1.4	4.02440004870114	0.0288907646996749
pi+n	3.35	1.38	3.95792096661701	0.0256753346904361
pi+n	3.35	1.36	4.01559505348676	0.0268908115902866
pi+n	3.35	1.34	3.94943613162531	0.0256117664281971
pi+n	3.35	1.32	3.86674537021734	0.0276986395575119
pi+n	3.35	1.3	3.80766939236853	0.0282294752167647
pi+n	3.35	1.28	3.71074584392939	0.0287321265752784
pi+n	3.35	1.26	3.79198921685573	0.0355932720027743
pi+n	3.35	1.24	3.86001515105893	0.0397584607405484
pi+n	3.35	1.22	3.75690928465789	0.0430244051118759
pi+n	3.35	1.2	3.26622625035821	0.0486273414794843
pi+n	3.4	1.68	4.29887944510762	0.0310998356791908
pi+n	3.4	1.66	4.14191017901434	0.0297639620854656
pi+n	3.4	1.64	3.9716186717152	0.029430494265081
pi+n	3.4	1.62	3.83701529920364	0.0291461323721074
pi+n	3.4	1.6	3.84813727535854	0.0309673554270574
pi+n	3.4	1.58	4.10747438023628	0.0315893644794248
pi+n	3.4	1.56	4.54962480111726	0.0304835800545272
pi+n	3.4	1.54	5.03522994893907	0.0299265199293119
pi+n	3.4	1.52	5.7518602555619	0.0325183701320291
pi+n	3.4	1.5	6.28305128718694	0.0352653848117795
pi+n	3.4	1.48	5.82830027600004	0.0353822964103948
pi+n	3.4	1.46	4.79281160852774	0.0318158477859723
pi+n	3.4	1.44	4.14208665731454	0.0288309635952998
pi+n	3.4	1.42	3.96781482174714	0.0300203618815144
pi+n	3.4	1.4	3.85068968649817	0.027774614246355
pi+n	3.4	1.38	3.77634070609766	0.024561159590521
pi+n	3.4	1.36	3.84407721538494	0.0261654396806576
pi+n	3.4	1.34	3.77675014487114	0.025043685850448
pi+n	3.4	1.32	3.68986443923915	0.0274284265100844
pi+n	3.4	1.3	3.63899206920281	0.0278648300401627
pi+n	3.4	1.28	3.54086745926575	0.0283267887062274
pi+n	3.4	1.26	3.63139124398422	0.0355433607172568
pi+n	3.4	1.24	3.69037715303467	0.0390115630130917
pi+n	3.4	1.22	3.56398545314017	0.0410605374858783
pi+n	3.4	1.2	3.09516528728246	0.0467490675449383
pi+n	3.45	1.68	4.16094053571111	0.0307565684236739
pi+n	3.45	1.66	4.01473130288094	0.0293176513908534
pi+n	3.45	1.64	3.85522126398678	0.0290502169617742
pi+n	3.45	1.62	3.71448266185444	0.0286098530345673
pi+n	3.45	1.6	3.71789072785708	0.0304911564755941
pi+n	3.45	1.58	3.95818202931699	0.0311033710361025
pi+n	3.45	1.56	4.37241953466575	0.0297348906541382
pi+n	3.45	1.54	4.82264955969706	0.0289868606311928
pi+n	3.45	1.52	5.50340400158111	0.0315376425388546
pi+n	3.45	1.5	6.05240351808903	0.0344629579799331
pi+n	3.45	1.48	5.64247304280165	0.0349126733019154
pi+n	3.45	1.46	4.61958228492123	0.0312151432674521
pi+n	3.45	1.44	3.96346812743873	0.027881753000079
pi+n	3.45	1.42	3.79423590836178	0.028982333831616
pi+n	3.45	1.4	3.67947470027941	0.0266747279638237
pi+n	3.45	1.38	3.59735567735865	0.023463015009898
pi+n	3.45	1.36	3.67503882833033	0.0254513158072842
pi+n	3.45	1.34	3.60656154901814	0.0244847986670325
pi+n	3.45	1.32	3.51553748960124	0.0271638176341471
pi+n	3.45	1.3	3.47277044247685	0.0275070705597128
pi+n	3.45	1.28	3.37346463138711	0.0279289412801886
pi+n	3.45	1.26	3.47316929290096	0.0354969604426688
pi+n	3.45	1.24	3.52325233002519	0.0382775867776408
pi+n	3.45	1.22	3.37388632434062	0.0391258189013711
pi+n	3.45	1.2	2.92662100146281	0.0448994963929213
pi+n	3.5	1.68	4.01607846328155	0.0303398765666199
pi+n	3.5	1.66	3.8785665189926	0.0288981140380428
pi+n	3.5	1.64	3.72636277276076	0.0286713757703166
pi+n	3.5	1.62	3.58333309085112	0.0280852584463655
pi+n	3.5	1.6	3.5838975161171	0.0300275762868389
pi+n	3.5	1.58	3.80936798635164	0.0306472183097691
pi+n	3.5	1.56	4.20147694354333	0.0291529188789911
pi+n	3.5	1.54	4.62522085693812	0.0283070442090677
pi+n	3.5	1.52	5.27279050100442	0.0307579419591809
pi+n	3.5	1.5	5.82489263968787	0.0338222028529024
pi+n	3.5	1.48	5.45022409533705	0.0344966359434821
pi+n	3.5	1.46	4.45026482053271	0.030707242069938
pi+n	3.5	1.44	3.79913199481455	0.0271357895490731
pi+n	3.5	1.42	3.63180951804082	0.0281157043196884
pi+n	3.5	1.4	3.5187333269758	0.0258345294786464
pi+n	3.5	1.38	3.43479632286401	0.0227447096877645
pi+n	3.5	1.36	3.51492891928141	0.025021749340535
pi+n	3.5	1.34	3.44533303715817	0.0241365182681322
pi+n	3.5	1.32	3.35578991016193	0.0272898873327912
pi+n	3.5	1.3	3.31875355903171	0.0277002983383662
pi+n	3.5	1.28	3.22007273767947	0.0277280070824778
pi+n	3.5	1.26	3.31963976833795	0.0352834370809623
pi+n	3.5	1.24	3.36051491819039	0.0376396043782262
pi+n	3.5	1.22	3.20223615094952	0.0378567659488928
pi+n	3.5	1.2	2.77941246625596	0.0442298974143941
pi+n	3.55	1.68	3.85992013911497	0.0298112183574921
pi+n	3.55	1.66	3.72813541488386	0.0285141278306129
pi+n	3.55	1.64	3.57817915313161	0.0282910824712769
pi+n	3.55	1.62	3.43850968532492	0.0275733837227081
pi+n	3.55	1.6	3.44338374772125	0.0295784272699146
pi+n	3.55	1.58	3.66015116611885	0.0302308864737153
pi+n	3.55	1.56	4.03849228327571	0.0288115383207135
pi+n	3.55	1.54	4.44865310515525	0.0280043444045216
pi+n	3.55	1.52	5.06676451809517	0.0302680428739054
pi+n	3.55	1.5	5.60031788608064	0.0334140918089315
pi+n	3.55	1.48	5.24707868963444	0.0341555213575828
pi+n	3.55	1.46	4.28545066342869	0.0303315575308231
pi+n	3.55	1.44	3.65462420655237	0.0266832564947429
pi+n	3.55	1.42	3.48462006807644	0.0274947866181414
pi+n	3.55	1.4	3.37224204314077	0.0253702716002828
pi+n	3.55	1.38	3.29523840655594	0.0225801181928298
pi+n	3.55	1.36	3.3667914366177	0.0250073630539675
pi+n	3.55	1.34	3.29611429680732	0.0240950787543594
pi+n	3.55	1.32	3.21633169293138	0.0279908037305774
pi+n	3.55	1.3	3.18156292383398	0.0287047152219862
pi+n	3.55	1.28	3.08616640524392	0.0278144663159992
pi+n	3.55	1.26	3.17186863518223	0.0348211205426633
pi+n	3.55	1.24	3.20301655326205	0.0371371078758669
pi+n	3.55	1.22	3.05645353866567	0.037557136697169
pi+n	3.55	1.2	2.66248831357235	0.045289955557848
pi+n	3.6	1.68	3.7059511107441	0.0292911487384817
pi+n	3.6	1.66	3.5798056291701	0.0281368361324302
pi+n	3.6	1.64	3.43205136674703	0.0279173995424077
pi+n	3.6	1.62	3.29568484340365	0.027069646831545
pi+n	3.6	1.6	3.30481089521808	0.0291367730130782
pi+n	3.6	1.58	3.51299055020633	0.0298216806251515
pi+n	3.6	1.56	3.8777516425112	0.0284762685964898
pi+n	3.6	1.54	4.27451740392645	0.0277072256926164
pi+n	3.6	1.52	4.86356422545736	0.0297861253100321
pi+n	3.6	1.5	5.37882614039057	0.0330131948691061
pi+n	3.6	1.48	5.04673377086342	0.0338208697255114
pi+n	3.6	1.46	4.12291090818339	0.0299624890702273
pi+n	3.6	1.44	3.51210470395189	0.0262380141899169
pi+n	3.6	1.42	3.33944142200029	0.0268832486919871
pi+n	3.6	1.4	3.22774850205706	0.0249133795117735
pi+n	3.6	1.38	3.15759355408994	0.0224191075947573
pi+n	3.6	1.36	3.22068063958339	0.0249949339802319
pi+n	3.6	1.34	3.14893659817699	0.0240558717647982
pi+n	3.6	1.32	3.07879780370703	0.0286852481249328
pi+n	3.6	1.3	3.04627454152457	0.0296990079874531
pi+n	3.6	1.28	2.95412412103806	0.0279019241581644
pi+n	3.6	1.26	3.02614784722514	0.0343670785597074
pi+n	3.6	1.24	3.04770251085679	0.0366436152701921
pi+n	3.6	1.22	2.91271223410841	0.0372640975689926
pi+n	3.6	1.2	2.54722869410898	0.0463403113078748
pi+n	3.65	1.68	3.55409422489634	0.0287793616904442
pi+n	3.65	1.66	3.43350326886339	0.0277659998974981
pi+n	3.65	1.64	3.28790728200722	0.0275500915530653
pi+n	3.65	1.62	3.15478857828522	0.0265737601088266
pi+n	3.65	1.6	3.16811107825341	0.028702348342282
pi+n	3.65	1.58	3.36781432019173	0.0294193487589446
pi+n	3.65	1.56	3.71917671859045	0.0281468935039915
pi+n	3.65	1.54	4.10272894312122	0.0274154906690993
pi+n	3.65	1.52	4.66309114530486	0.029311908777854
pi+n	3.65	1.5	5.16030995769715	0.0326192578663074
pi+n	3.65	1.48	4.84909169473864	0.0334924529439464
pi+n	3.65	1.46	3.96256620103053	0.0295998037963376
pi+n	3.65	1.44	3.37150405444959	0.025799806636633
pi+n	3.65	1.42	3.19620327905495	0.0262807615333338
pi+n	3.65	1.4	3.08518273375481	0.0244635941099216
pi+n	3.65	1.38	3.02179459761863	0.0222615508923544
pi+n	3.65	1.36	3.076525179718	0.0249843917095815
pi+n	3.65	1.34	3.00372785725918	0.0240188171977258
pi+n	3.65	1.32	2.94312001930167	0.0293734478836327
pi+n	3.65	1.3	2.91282068747577	0.0306835349482468
pi+n	3.65	1.28	2.82387921155928	0.0279903438416979
pi+n	3.65	1.26	2.88240369802833	0.0339210129255403
pi+n	3.65	1.24	2.89449383245984	0.0361588004056759
pi+n	3.65	1.22	2.77093799893646	0.0369774082398924
pi+n	3.65	1.2	2.43357267526368	0.0473813186646281
pi+n	3.7	1.68	3.40427605860697	0.0282755661275008
pi+n	3.7	1.66	3.28915800150947	0.0274013917493628
pi+n	3.7	1.64	3.14567823063262	0.0271889345239294
pi+n	3.7	1.62	3.0157542522161	0.0260854497707676
pi+n	3.7	1.6	3.03321965544578	0.0282749008686554
pi+n	3.7	1.58	3.22455407450008	0.0290236509956046
pi+n	3.7	1.56	3.56269292425946	0.0278232072312394
pi+n	3.7	1.54	3.93320692713526	0.0271289513987164
pi+n	3.7	1.52	4.46525145012385	0.0288451261384838
pi+n	3.7	1.5	4.94466695734742	0.0322320387396113
pi+n	3.7	1.48	4.65405941278609	0.0331700537739167
pi+n	3.7	1.46	3.80434091855966	0.0292432798620278
pi+n	3.7	1.44	3.23275608618932	0.02536838992559
pi+n	3.7	1.42	3.05483863763557	0.0256870116260022
pi+n	3.7	1.4	2.94447805178446	0.0240206685048817
pi+n	3.7	1.38	2.88777752341322	0.0221073271106237
pi+n	3.7	1.36	2.93425706223282	0.024975669216171
pi+n	3.7	1.34	2.86041938357023	0.0239838387848362
pi+n	3.7	1.32	2.80923333566866	0.0300556197504842
pi+n	3.7	1.3	2.78113684148395	0.0316586375715524
pi+n	3.7	1.28	2.69536816841681	0.0280796903980526
pi+n	3.7	1.26	2.74056599338485	0.0334826396820135
pi+n	3.7	1.24	2.74331533867484	0.0356823527724711
pi+n	3.7	1.22	2.6310601660528	0.0366968399800828
pi+n	3.7	1.2	2.32146227218003	0.0484133145634972
pi+n	3.75	1.68	3.25642668915202	0.027779484969634
pi+n	3.75	1.66	3.14670283642801	0.0270427952569695
pi+n	3.75	1.64	3.00529879573372	0.0268337152191407
pi+n	3.75	1.62	2.87851837236881	0.0256044550622001
pi+n	3.75	1.6	2.90007502769578	0.0278541902054857
pi+n	3.75	1.58	3.08314462170162	0.0286343588407953
pi+n	3.75	1.56	3.4082291637315	0.027505013723512
pi+n	3.75	1.54	3.76587433377507	0.026847428839914
pi+n	3.75	1.52	4.26995568438001	0.0283855227992145
pi+n	3.75	1.5	4.73179952085213	0.0318513068052198
pi+n	3.75	1.48	4.46154819896001	0.0328534651874397
pi+n	3.75	1.46	3.64816294641336	0.0288927058042109
pi+n	3.75	1.44	3.09579769506878	0.0249435315170156
pi+n	3.75	1.42	2.91528360050455	0.0251017000278976
pi+n	3.75	1.4	2.80557085967095	0.0235843672970762
pi+n	3.75	1.38	2.75548128612018	0.0219563209421948
pi+n	3.75	1.36	2.79381144863962	0.0249687026544558
pi+n	3.75	1.34	2.71894568043436	0.0239508638618562
pi+n	3.75	1.32	2.67707577829789	0.0307319704646801
pi+n	3.75	1.3	2.6511614987832	0.0326246414651671
pi+n	3.75	1.28	2.56853046130046	0.0281699305478025
pi+n	3.75	1.26	2.60056784325304	0.0330516882728943
pi+n	3.75	1.24	2.59409540461863	0.0352139765743114
pi+n	3.75	1.22	2.49301142649878	0.0364221749604244
pi+n	3.75	1.2	2.21084227101706	0.0494366198943248
pi+n	3.79999999999999	1.68	3.11047948120377	0.0272908542850677
pi+n	3.79999999999999	1.66	3.00607392227059	0.026690004264942
pi+n	3.79999999999999	1.64	2.86670661562857	0.0264842304914515
pi+n	3.79999999999999	1.62	2.74302040182771	0.0251305274682952
pi+n	3.79999999999999	1.6	2.76861845599887	0.0274399872433305
pi+n	3.79999999999999	1.58	2.94352378899006	0.0282512544996493
pi+n	3.79999999999999	1.56	3.25571762512975	0.0271921260969859
pi+n	3.79999999999999	1.54	3.60065769070984	0.0265707523118657
pi+n	3.79999999999999	1.52	4.07711850641727	0.0279328559676202
pi+n	3.79999999999999	1.5	4.52161451161582	0.0314768420805278
pi+n	3.79999999999999	1.48	4.27147339594529	0.0325424897616704
pi+n	3.79999999999999	1.46	3.49396347386116	0.0285478799309477
pi+n	3.79999999999999	1.44	2.96056866557959	0.0245250095731968
pi+n	3.79999999999999	1.42	2.77747719388293	0.0245245415189581
pi+n	3.79999999999999	1.4	2.66840047111628	0.0231544659056945
pi+n	3.79999999999999	1.38	2.62484763618218	0.0218084224144273
pi+n	3.79999999999999	1.36	2.65512647333986	0.0249634311703069
pi+n	3.79999999999999	1.34	2.57924425937399	0.0239198231556349
pi+n	3.79999999999999	1.32	2.54658822599652	0.031402697336895
pi+n	3.79999999999999	1.3	2.52283599439979	0.0335818572952271
pi+n	3.79999999999999	1.28	2.44330836416014	0.0282610325990213
pi+n	3.79999999999999	1.26	2.46234546840567	0.0326279007574224
pi+n	3.79999999999999	1.24	2.44676575123445	0.0347533898626411
pi+n	3.79999999999999	1.22	2.3567276314964	0.0361532056078805
pi+n	3.79999999999999	1.2	2.10166006482874	0.0504515404482029
pi+n	3.84999999999999	1.68	2.96637088969767	0.0268094224962848
pi+n	3.84999999999999	1.66	2.86721035946905	0.0263428222735007
pi+n	3.84999999999999	1.64	2.72984220203488	0.0261402866757369
pi+n	3.84999999999999	1.62	2.60920258437027	0.0246634299841246
pi+n	3.84999999999999	1.6	2.63879389250565	0.0270320734782052
pi+n	3.84999999999999	1.58	2.80563224453224	0.0278741302411327
pi+n	3.84999999999999	1.56	3.10509358790339	0.0268843660950623
pi+n	3.84999999999999	1.54	3.43748686798696	0.0262987590001776
pi+n	3.84999999999999	1.52	3.88665844882741	0.0274868939593668
pi+n	3.84999999999999	1.5	4.31402301464751	0.0311084346567847
pi+n	3.84999999999999	1.48	4.08375417948103	0.0322369391165109
pi+n	3.84999999999999	1.46	3.34167680291418	0.0282086097522664
pi+n	3.84999999999999	1.44	2.82701150428465	0.0241126123383235
pi+n	3.84999999999999	1.42	2.64136119926016	0.0239552638091901
pi+n	3.84999999999999	1.4	2.53290894280758	0.0227307499444705
pi+n	3.84999999999999	1.38	2.49582095933247	0.0216635265800382
pi+n	3.84999999999999	1.36	2.51814307302127	0.0249597967256027
pi+n	3.84999999999999	1.34	2.44125546744446	0.0238906505863283
pi+n	3.84999999999999	1.32	2.41771424695332	0.0320679887856421
pi+n	3.84999999999999	1.3	2.39610433975097	0.0345305816403964
pi+n	3.84999999999999	1.28	2.31964679351193	0.0283529663529737
pi+n	3.84999999999999	1.26	2.32583802058645	0.0322110310789701
pi+n	3.84999999999999	1.24	2.30126125121509	0.0343003237315144
pi+n	3.84999999999999	1.22	2.22214760839134	0.0358897340063831
pi+n	3.84999999999999	1.2	1.99386550101187	0.0514583677977957
pi+n	3.89999999999999	1.68	2.8240402770506	0.0263349496441537
pi+n	3.89999999999999	1.66	2.73005402628905	0.0260010618637095
pi+n	3.89999999999999	1.64	2.59464877140055	0.0258016990266865
pi+n	3.89999999999999	1.62	2.47700978186153	0.0242029364370848
pi+n	3.89999999999999	1.6	2.51054782369834	0.026630240388286
pi+n	3.89999999999999	1.58	2.66941333250871	0.0275027878081742
pi+n	3.89999999999999	1.56	2.95629524394783	0.0265815635837376
pi+n	3.89999999999999	1.54	3.27629488525524	0.0260312934979763
pi+n	3.89999999999999	1.52	3.6984976957377	0.0270474155551938
pi+n	3.89999999999999	1.5	4.10894009457934	0.0307458841162521
pi+n	3.89999999999999	1.48	3.89831333920296	0.031936633392026
pi+n	3.89999999999999	1.46	3.19124017077273	0.0278747114510382
pi+n	3.89999999999999	1.44	2.69507128488766	0.0237061375617154
pi+n	3.89999999999999	1.42	2.50687999687484	0.0233936068018277
pi+n	3.89999999999999	1.4	2.39904091879602	0.0223130146408422
pi+n	3.89999999999999	1.38	2.36834812717496	0.0215215332293102
pi+n	3.89999999999999	1.36	2.38280482781689	0.0249577439351747
pi+n	3.89999999999999	1.34	2.30492232645989	0.0238632830834285
pi+n	3.89999999999999	1.32	2.29039994608902	0.0327280248370865
pi+n	3.89999999999999	1.3	2.27091307049517	0.0354710977876393
pi+n	3.89999999999999	1.28	2.19749315788686	0.0284457030165053
pi+n	3.89999999999999	1.26	2.19098741507796	0.0318008443843196
pi+n	3.89999999999999	1.24	2.15751974835002	0.0338545215683192
pi+n	3.89999999999999	1.22	2.08921298936591	0.0356315713393973
pi+n	3.89999999999999	1.2	1.8874107393788	0.0524573801165943
pi+n	3.94999999999999	1.68	2.68342974350521	0.0258672067051831
pi+n	3.94999999999999	1.66	2.59454941733102	0.025664544164173
pi+n	3.94999999999999	1.64	2.46107208825801	0.0254682911969028
pi+n	3.94999999999999	1.62	2.34638932319563	0.0237488308576982
pi+n	3.94999999999999	1.6	2.38382912466281	0.0262342888550212
pi+n	3.94999999999999	1.58	2.5348129197803	0.027137037869695
pi+n	3.94999999999999	1.56	2.80926353128358	0.0262835560827268
pi+n	3.94999999999999	1.54	3.11701773247104	0.0257682073794128
pi+n	3.94999999999999	1.52	3.51256187561375	0.0266142094029688
pi+n	3.94999999999999	1.5	3.90628457048105	0.0303889989901569
pi+n	3.94999999999999	1.48	3.71507707464548	0.0316414007623619
pi+n	3.94999999999999	1.46	3.04259358451449	0.0275460093906059
pi+n	3.94999999999999	1.44	2.56469550394905	0.0233053919608751
pi+n	3.94999999999999	1.42	2.37398041991768	0.0228393219071238
pi+n	3.94999999999999	1.4	2.26674348550952	0.0219010642949669
pi+n	3.94999999999999	1.38	2.24237835795486	0.021382346622122
pi+n	3.94999999999999	1.36	2.24905781327982	0.0249572199150923
pi+n	3.94999999999999	1.34	2.17019038315504	0.0238376604145111
pi+n	3.94999999999999	1.32	2.16459382278739	0.033382977591213
pi+n	3.94999999999999	1.3	2.14721110473174	0.0364036764742203
pi+n	3.94999999999999	1.28	2.07679721753029	0.0285392151205803
pi+n	3.94999999999999	1.26	2.05773817468698	0.0313971163894932
pi+n	3.94999999999999	1.24	2.01548188921942	0.033415738355833
pi+n	3.94999999999999	1.22	1.9578680518956	0.0353785373708261
pi+n	3.94999999999999	1.2	1.78225011999827	0.0534488429420006
pi+n	3.99999999999999	1.68	2.54448396949438	0.0254059749574117
pi+n	3.99999999999999	1.66	2.46064349343291	0.0253330983556821
pi+n	3.99999999999999	1.64	2.32906031959598	0.0251398947520075
pi+n	3.99999999999999	1.62	2.21729086382118	0.0233009068947385
pi+n	3.99999999999999	1.6	2.25858892353384	0.0258440286249392
pi+n	3.99999999999999	1.58	2.40177925321795	0.0267766995110464
pi+n	3.99999999999999	1.56	2.66394197925772	0.0259901883293715
pi+n	3.99999999999999	1.54	2.95959420297934	0.0255093588028947
pi+n	3.99999999999999	1.52	3.32877986830776	0.0261870734611065
pi+n	3.99999999999999	1.5	3.70597880610142	0.0300375962540911
pi+n	3.99999999999999	1.48	3.53397480517277	0.0313510769831787
pi+n	3.99999999999999	1.46	2.89567966703338	0.0272223356561718
pi+n	3.99999999999999	1.44	2.43583394639031	0.0229101907211465
pi+n	3.99999999999999	1.42	2.2426116185964	0.0222921714026965
pi+n	3.99999999999999	1.4	2.13596603654893	0.0214947117753911
pi+n	3.99999999999999	1.38	2.11786308670758	0.0212458752382055
pi+n	3.99999999999999	1.36	2.11685046231351	0.0249581741413657
pi+n	3.99999999999999	1.34	2.03700756941546	0.0238137250256715
pi+n	3.99999999999999	1.32	2.0402466381847	0.0340330116569881
pi+n	3.99999999999999	1.3	2.02494961073129	0.0373285765801635
pi+n	3.99999999999999	1.28	1.95751095354056	0.0286334764444641
pi+n	3.99999999999999	1.26	1.92603728424313	0.0309996327884372
pi+n	3.99999999999999	1.24	1.87509096625701	0.0329837400215368
pi+n	3.99999999999999	1.22	1.82805957001637	0.0351304599611961
pi+n	3.99999999999999	1.2	1.67834004002643	0.0544330098867018
pi+n	4.04999999999999	1.68	2.40715006902675	0.024951045390874
pi+n	4.04999999999999	1.66	2.32828554202994	0.0250065612106445
pi+n	4.04999999999999	1.64	2.19856389933869	0.0248163487196765
pi+n	4.04999999999999	1.62	2.08966625497942	0.0228589672710174
pi+n	4.04999999999999	1.6	2.13478047527935	0.0254592778087963
pi+n	4.04999999999999	1.58	2.27026282682444	0.0264215997596997
pi+n	4.04999999999999	1.56	2.52027656432997	0.0257013118726421
pi+n	4.04999999999999	1.54	2.80396573796639	0.0252546121416171
pi+n	4.04999999999999	1.52	3.14708362520193	0.0257658144799948
pi+n	4.04999999999999	1.5	3.50794851429552	0.0296915008578231
pi+n	4.04999999999999	1.48	3.35493899272254	0.0310655049698891
pi+n	4.04999999999999	1.46	2.75044351333104	0.0269035296272331
pi+n	4.04999999999999	1.44	2.30843856000884	0.0225203570290533
pi+n	4.04999999999999	1.42	2.11272493328137	0.021751927836735
pi+n	4.04999999999999	1.4	2.00666014649538	0.0210937780484719
pi+n	4.04999999999999	1.38	1.99475584404734	0.0211120315441814
pi+n	4.04999999999999	1.36	1.98613343627595	0.0249605583182336
pi+n	4.04999999999999	1.34	1.90532407178707	0.0237914218927245
pi+n	4.04999999999999	1.32	1.91731129126947	0.0346782845589166
pi+n	4.04999999999999	1.3	1.90408188345126	0.0382460457750138
pi+n	4.04999999999999	1.28	1.83958844570897	0.0287284619450967
pi+n	4.04999999999999	1.26	1.79583405478863	0.0306081887012008
pi+n	4.04999999999999	1.24	1.73629277129058	0.0325583028304707
pi+n	4.04999999999999	1.22	1.69973667555417	0.0348871746163489
pi+n	4.04999999999999	1.2	1.57563883882002	0.0554101233023849
pi+n	4.09999999999999	1.68	2.27137745318877	0.0245022181589696
pi+n	4.09999999999999	1.66	2.197427047116	0.0246847766644386
pi+n	4.09999999999999	1.64	2.06953540210864	0.0244974991698237
pi+n	4.09999999999999	1.62	1.96346942186631	0.0224228232765156
pi+n	4.09999999999999	1.6	2.01235904406756	0.0250798624150259
pi+n	4.09999999999999	1.58	2.14021625785838	0.0260715731433244
pi+n	4.09999999999999	1.56	2.37821557559314	0.025416784694798
pi+n	4.09999999999999	1.54	2.65007628137378	0.0250038376391897
pi+n	4.09999999999999	1.52	2.96740800140296	0.0253502475183815
pi+n	4.09999999999999	1.5	3.31212257451163	0.0293505452867692
pi+n	4.09999999999999	1.48	3.17790497634914	0.0307845344042438
pi+n	4.09999999999999	1.46	2.60683255634512	0.026589437578602
pi+n	4.09999999999999	1.44	2.18246333829553	0.022135721636663
pi+n	4.09999999999999	1.42	1.98427377602161	0.0212183734707015
pi+n	4.09999999999999	1.4	1.87877945302599	0.0206980917389052
pi+n	4.09999999999999	1.38	1.87301214292385	0.0209807317760556
pi+n	4.09999999999999	1.36	1.85685950454621	0.0249643262552774
pi+n	4.09999999999999	1.34	1.77509220954671	0.0237706983823167
pi+n	4.09999999999999	1.32	1.79574270311142	0.0353189471171838
pi+n	4.09999999999999	1.3	1.78456322915796	0.0391563211224122
pi+n	4.09999999999999	1.28	1.72298575838866	0.0288241476912439
pi+n	4.09999999999999	1.26	1.66707999670975	0.0302225881585441
pi+n	4.09999999999999	1.24	1.59903545874966	0.0321392128182583
pi+n	4.09999999999999	1.22	1.57285072854349	0.0346485240661054
pi+n	4.09999999999999	1.2	1.47410669068728	0.0563804148994928
pi+n	4.14999999999999	1.68	2.13711770294403	0.0240593020674096
pi+n	4.14999999999999	1.66	2.06802156803135	0.0243675954160967
pi+n	4.14999999999999	1.64	1.94192942552583	0.0241831988234095
pi+n	4.14999999999999	1.62	1.83865625000274	0.0219922942958507
pi+n	4.14999999999999	1.6	1.89128179353122	0.0247056159147315
pi+n	4.14999999999999	1.58	2.01159417124376	0.0257264612776612
pi+n	4.14999999999999	1.56	2.23770948925556	0.0251364708584961
pi+n	4.14999999999999	1.54	2.49787214444716	0.0247569110883592
pi+n	4.14999999999999	1.52	2.78969059903949	0.0249401954919574
pi+n	4.14999999999999	1.5	3.11843286231374	0.0290145691526246
pi+n	4.14999999999999	1.48	3.00281081764405	0.0305080213670325
pi+n	4.14999999999999	1.46	2.46479644157193	0.0262799123077692
pi+n	4.14999999999999	1.44	2.05786421091157	0.021756122454559
pi+n	4.14999999999999	1.42	1.85721351978455	0.0206912997584693
pi+n	4.14999999999999	1.4	1.75227954669832	0.0203074887189594
pi+n	4.14999999999999	1.38	1.75258937273496	0.0208518957359791
pi+n	4.14999999999999	1.36	1.72898343190468	0.0249694337526694
pi+n	4.14999999999999	1.34	1.64626632067883	0.0237515041221849
pi+n	4.14999999999999	1.32	1.67549770859827	0.0359551438033802
pi+n	4.14999999999999	1.3	1.66635085753588	0.0400596296456838
pi+n	4.14999999999999	1.28	1.60766083377939	0.0289205108020512
pi+n	4.14999999999999	1.26	1.53972870112664	0.0298426436201864
pi+n	4.14999999999999	1.24	1.46326941779986	0.0317262652612114
pi+n	4.14999999999999	1.22	1.44735519613017	0.0344143578705981
pi+n	4.14999999999999	1.2	1.37370550468852	0.0573441063263841h
