1.625	-1	0.4967
1.625	-0.1	0.4967
1.625	0	0.3799
1.625	0.1	0.3361
1.625	0.2	0.5174
1.625	0.3	0.5369
1.625	0.4	0.5052
1.625	0.5	0.4897
1.625	0.6	0.5718
1.625	0.7	0.7261
1.625	1	0.7261
1.635	-1	0.4118
1.635	-0.5	0.4118
1.635	-0.4	0.4598
1.635	-0.3	0.5501
1.635	-0.2	0.4679
1.635	-0.1	0.4223
1.635	0	0.476
1.635	0.1	0.5317
1.635	0.2	0.6113
1.635	0.3	0.5564
1.635	0.4	0.6295
1.635	0.5	0.5596
1.635	0.6	0.5228
1.635	0.7	0.5957
1.635	0.8	0.4699
1.635	1	0.4699
1.645	-1	0.5756
1.645	-0.5	0.5756
1.645	-0.4	0.5036
1.645	-0.3	0.5129
1.645	-0.2	0.5719
1.645	-0.1	0.4123
1.645	0	0.635
1.645	0.1	0.6629
1.645	0.2	0.7037
1.645	0.3	0.8447
1.645	0.4	0.6764
1.645	0.5	0.7006
1.645	0.6	1.0378
1.645	0.7	1.0189
1.645	0.8	1.082
1.645	1	1.082
1.655	-1	0.6391
1.655	-0.1	0.6391
1.655	0	0.703
1.655	0.1	0.8145
1.655	0.2	0.9051
1.655	0.3	0.9488
1.655	0.4	0.8704
1.655	0.5	0.9889
1.655	0.6	1.0181
1.655	0.7	0.939
1.655	0.8	1.1295
1.655	1	1.1295
1.665	-1	0.9013
1.665	0	0.9013
1.665	0.1	1.0479
1.665	0.2	1.0167
1.665	0.3	1.0531
1.665	0.4	1.0117
1.665	0.5	1.0984
1.665	0.6	1.2022
1.665	0.7	1.3292
1.665	0.8	1.2799
1.665	1	1.2799
1.675	-1	1.0517
1.675	-0.5	1.0517
1.675	-0.4	1.1083
1.675	-0.3	0.9884
1.675	-0.2	1.1132
1.675	-0.1	1.1775
1.675	0	1.0448
1.675	0.1	1.1717
1.675	0.2	1.1464
1.675	0.3	1.3679
1.675	0.4	1.2842
1.675	0.5	1.3476
1.675	0.6	1.4256
1.675	0.7	1.6026
1.675	0.8	1.6371
1.675	1	1.6371
1.685	-1	0.9541
1.685	-0.5	0.9541
1.685	-0.4	0.9641
1.685	-0.3	1.1826
1.685	-0.2	1.223
1.685	-0.1	1.2809
1.685	0	1.1158
1.685	0.1	1.2228
1.685	0.2	1.2916
1.685	0.3	1.2864
1.685	0.4	1.4132
1.685	0.5	1.4077
1.685	0.6	1.6338
1.685	0.7	1.9187
1.685	0.8	1.8197
1.685	1	1.8197
1.695	-1	0.8281
1.695	-0.5	0.8281
1.695	-0.4	0.9488
1.695	-0.3	1.0883
1.695	-0.2	1.0328
1.695	-0.1	1.0716
1.695	0	1.0248
1.695	0.1	1.3913
1.695	0.2	1.2782
1.695	0.3	1.4363
1.695	0.4	1.5819
1.695	0.5	1.6026
1.695	0.6	1.6998
1.695	0.7	1.8872
1.695	0.8	1.9566
1.695	1	1.9566
1.705	-1	1.0607
1.705	-0.5	1.0607
1.705	-0.4	0.9775
1.705	-0.3	0.9376
1.705	-0.2	1.0278
1.705	-0.1	1.1248
1.705	0	0.9844
1.705	0.1	1.2831
1.705	0.2	1.507
1.705	0.3	1.4672
1.705	0.4	1.602
1.705	0.5	1.7086
1.705	0.6	1.9407
1.705	0.7	2.1427
1.705	0.8	2.4083
1.705	0.88	2.6276
1.705	1	2.6276
1.715	-1	0.787
1.715	-0.5	0.787
1.715	-0.4	0.8531
1.715	-0.3	0.8873
1.715	-0.2	1.0397
1.715	-0.1	0.998
1.715	0	0.9972
1.715	0.1	1.3311
1.715	0.2	1.4974
1.715	0.3	1.5165
1.715	0.4	1.6526
1.715	0.5	1.9195
1.715	0.6	2.0417
1.715	0.7	2.1023
1.715	0.8	2.6124
1.715	0.88	2.6288
1.715	1	2.6288
1.725	-1	0.6374
1.725	-0.5	0.6374
1.725	-0.4	0.7246
1.725	-0.3	0.7919
1.725	-0.2	0.8476
1.725	-0.1	0.9977
1.725	0	1.0262
1.725	0.1	1.2495
1.725	0.2	1.4521
1.725	0.3	1.5818
1.725	0.4	1.7523
1.725	0.5	2.0014
1.725	0.6	1.9962
1.725	0.7	2.2197
1.725	0.8	2.6249
1.725	0.89	3.5484
1.725	1	3.5484
1.735	-1	0.5007
1.735	-0.4	0.5007
1.735	-0.3	0.7041
1.735	-0.2	0.8797
1.735	-0.1	0.9672
1.735	0	1.0402
1.735	0.1	1.2217
1.735	0.2	1.4802
1.735	0.3	1.4261
1.735	0.4	1.7047
1.735	0.5	1.9905
1.735	0.6	2.035
1.735	0.7	2.2956
1.735	0.8	2.5462
1.735	1	2.5462
1.745	-1	0.9824
1.745	-0.4	0.9824
1.745	-0.3	0.6405
1.745	-0.2	0.8522
1.745	-0.1	1.0213
1.745	0	1.0717
1.745	0.1	1.2318
1.745	0.2	1.5351
1.745	0.3	1.4487
1.745	0.4	1.6291
1.745	0.5	1.841
1.745	0.6	2.112
1.745	0.7	2.1554
1.745	0.8	2.4655
1.745	0.89	2.197
1.745	1	2.197
1.755	-1	0.7059
1.755	-0.4	0.7059
1.755	-0.3	0.7071
1.755	-0.2	0.9005
1.755	-0.1	0.955
1.755	0	0.9115
1.755	0.1	1.1703
1.755	0.2	1.4092
1.755	0.3	1.4719
1.755	0.4	1.5665
1.755	0.5	1.9557
1.755	0.6	1.9737
1.755	0.7	2.0798
1.755	0.8	2.3407
1.755	0.89	2.1616
1.755	1	2.1616
1.765	-1	0.5935
1.765	-0.5	0.5935
1.765	-0.4	0.6255
1.765	-0.3	0.7096
1.765	-0.2	0.7705
1.765	-0.1	0.8716
1.765	0	0.9736
1.765	0.1	1.1499
1.765	0.2	1.3947
1.765	0.3	1.4779
1.765	0.4	1.4972
1.765	0.5	1.6946
1.765	0.6	1.9986
1.765	0.7	1.9925
1.765	0.8	2.3117
1.765	0.89	2.6519
1.765	1	2.6519
1.775	-1	0.5959
1.775	-0.5	0.5959
1.775	-0.4	0.6672
1.775	-0.3	0.7684
1.775	-0.2	0.8562
1.775	-0.1	1.0281
1.775	0	1.0007
1.775	0.1	1.2283
1.775	0.2	1.4443
1.775	0.3	1.5157
1.775	0.4	1.5756
1.775	0.5	1.621
1.775	0.6	1.9099
1.775	0.7	2.103
1.775	0.8	2.1105
1.775	1	2.1105
1.785	-1	0.4646
1.785	-0.5	0.4646
1.785	-0.4	0.6164
1.785	-0.3	0.7395
1.785	-0.2	0.8337
1.785	-0.1	1.0056
1.785	0	1.085
1.785	0.1	1.3156
1.785	0.2	1.4467
1.785	0.3	1.2975
1.785	0.4	1.4704
1.785	0.5	1.7536
1.785	0.6	1.8102
1.785	0.7	2.0489
1.785	0.8	2.0585
1.785	1	2.0585
1.795	-1	0.6201
1.795	-0.6	0.6201
1.795	-0.5	0.697
1.795	-0.4	0.7211
1.795	-0.3	0.751
1.795	-0.2	0.8851
1.795	-0.1	1.0258
1.795	0	1.0765
1.795	0.1	1.303
1.795	0.2	1.3084
1.795	0.3	1.4545
1.795	0.4	1.603
1.795	0.5	1.7418
1.795	0.6	1.996
1.795	0.7	1.9732
1.795	1	1.9732
1.805	-1	0.6596
1.805	-0.6	0.6596
1.805	-0.5	0.6915
1.805	-0.4	0.7241
1.805	-0.3	0.7249
1.805	-0.2	0.8686
1.805	-0.1	0.9955
1.805	0	1.0987
1.805	0.1	1.2582
1.805	0.2	1.4053
1.805	0.3	1.396
1.805	0.4	1.6065
1.805	0.5	1.6792
1.805	0.6	1.8914
1.805	0.7	2.0401
1.805	0.8	2.165
1.805	0.89	2.4429
1.805	1	2.4429
1.815	-1	0.524
1.815	-0.7	0.524
1.815	-0.6	0.6422
1.815	-0.5	0.6791
1.815	-0.4	0.7692
1.815	-0.3	0.7768
1.815	-0.2	0.9103
1.815	-0.1	1.0684
1.815	0	1.1322
1.815	0.1	1.3891
1.815	0.2	1.4626
1.815	0.3	1.4553
1.815	0.4	1.692
1.815	0.5	1.8054
1.815	0.6	2.0011
1.815	0.7	2.1094
1.815	0.8	2.142
1.815	0.89	2.2361
1.815	1	2.2361
1.825	-1	0.5002
1.825	-0.7	0.5002
1.825	-0.6	0.6258
1.825	-0.5	0.7419
1.825	-0.4	0.6903
1.825	-0.3	0.7163
1.825	-0.2	0.8631
1.825	-0.1	1.0019
1.825	0	1.1077
1.825	0.1	1.2396
1.825	0.2	1.3097
1.825	0.3	1.4483
1.825	0.4	1.5665
1.825	0.5	1.6814
1.825	0.6	1.807
1.825	0.7	2.0889
1.825	0.8	2.1664
1.825	0.89	2.3115
1.825	1	2.3115
1.835	-1	0.6004
1.835	-0.6	0.6004
1.835	-0.5	0.7503
1.835	-0.4	0.7351
1.835	-0.3	0.761
1.835	-0.2	0.8473
1.835	-0.1	1.0062
1.835	0	1.0997
1.835	0.1	1.3704
1.835	0.2	1.4055
1.835	0.3	1.4481
1.835	0.4	1.5526
1.835	0.5	1.6658
1.835	0.6	1.7952
1.835	0.7	2.0484
1.835	0.8	2.2582
1.835	1	2.2582
1.845	-1	0.6219
1.845	-0.7	0.6219
1.845	-0.6	0.6373
1.845	-0.5	0.7031
1.845	-0.4	0.744
1.845	-0.3	0.779
1.845	-0.2	0.8684
1.845	-0.1	1.024
1.845	0	1.1014
1.845	0.1	1.3109
1.845	0.2	1.3529
1.845	0.3	1.5018
1.845	0.4	1.5162
1.845	0.5	1.7219
1.845	0.6	1.7233
1.845	0.7	1.8975
1.845	0.8	2.0008
1.845	0.89	1.7865
1.845	1	1.7865
1.855	-1	0.6936
1.855	-0.6	0.6936
1.855	-0.5	0.6956
1.855	-0.4	0.7301
1.855	-0.3	0.8145
1.855	-0.2	0.8932
1.855	-0.1	1.0095
1.855	0	1.1377
1.855	0.1	1.2851
1.855	0.2	1.371
1.855	0.3	1.4366
1.855	0.4	1.612
1.855	0.5	1.7273
1.855	0.6	1.8573
1.855	0.7	1.9973
1.855	0.8	1.9569
1.855	1	1.9569
1.865	-1	0.6184
1.865	-0.7	0.6184
1.865	-0.6	0.7084
1.865	-0.5	0.7578
1.865	-0.4	0.7797
1.865	-0.3	0.7875
1.865	-0.2	0.898
1.865	-0.1	1.0509
1.865	0	1.1769
1.865	0.1	1.4046
1.865	0.2	1.4002
1.865	0.3	1.3801
1.865	0.4	1.5906
1.865	0.5	1.6753
1.865	0.6	1.7973
1.865	0.7	1.9633
1.865	0.8	1.9899
1.865	0.89	1.9558
1.865	1	1.9558
1.875	-1	0.6845
1.875	-0.8	0.6845
1.875	-0.7	0.7589
1.875	-0.6	0.7933
1.875	-0.5	0.874
1.875	-0.4	0.785
1.875	-0.3	0.8724
1.875	-0.2	0.8851
1.875	-0.1	1.0942
1.875	0	1.1831
1.875	0.1	1.4483
1.875	0.2	1.4136
1.875	0.3	1.4123
1.875	0.4	1.5824
1.875	0.5	1.6837
1.875	0.6	1.8114
1.875	0.7	1.8802
1.875	0.8	2.0079
1.875	0.89	2.3466
1.875	1	2.3466
1.885	-1	0.714
1.885	-0.7	0.714
1.885	-0.6	0.7468
1.885	-0.5	0.8237
1.885	-0.4	0.7994
1.885	-0.3	0.794
1.885	-0.2	0.9448
1.885	-0.1	1.0968
1.885	0	1.0514
1.885	0.1	1.3758
1.885	0.2	1.2488
1.885	0.3	1.4038
1.885	0.4	1.5278
1.885	0.5	1.5242
1.885	0.6	1.7152
1.885	0.7	1.8554
1.885	0.8	1.9094
1.885	0.89	2.2606
1.885	1	2.2606
1.895	-1	0.8266
1.895	-0.8	0.8266
1.895	-0.7	0.7811
1.895	-0.6	0.8356
1.895	-0.5	0.8779
1.895	-0.4	0.8609
1.895	-0.3	0.9137
1.895	-0.2	0.9008
1.895	-0.1	1.0271
1.895	0	1.1029
1.895	0.1	1.2802
1.895	0.2	1.2438
1.895	0.3	1.3591
1.895	0.4	1.458
1.895	0.5	1.6033
1.895	0.6	1.7572
1.895	0.7	1.8918
1.895	0.8	2.0359
1.895	0.89	2.1314
1.895	1	2.1314
1.905	-1	0.7117
1.905	-0.8	0.7117
1.905	-0.7	0.7143
1.905	-0.5	0.7791
1.905	-0.4	0.733
1.905	-0.3	0.7535
1.905	-0.2	0.7891
1.905	-0.1	0.8858
1.905	0	0.9788
1.905	0.1	1.1397
1.905	0.2	1.1677
1.905	0.3	1.348
1.905	0.4	1.471
1.905	0.5	1.6134
1.905	0.6	1.7304
1.905	0.7	1.8644
1.905	0.8	2.0789
1.905	0.89	2.1933
1.905	1	2.1933
1.915	-1	0.7846
1.915	-0.8	0.7846
1.915	-0.7	0.6683
1.915	-0.6	0.7498
1.915	-0.5	0.6765
1.915	-0.4	0.6949
1.915	-0.3	0.7021
1.915	-0.2	0.7652
1.915	-0.1	0.8587
1.915	0	1.0056
1.915	0.1	1.0797
1.915	0.2	1.1697
1.915	0.3	1.2855
1.915	0.4	1.4555
1.915	0.5	1.6348
1.915	0.6	1.7435
1.915	0.7	2.0098
1.915	0.8	2.0494
1.915	0.89	2.5007
1.915	1	2.5007
1.925	-1	0.8945
1.925	-0.8	0.8945
1.925	-0.7	0.7452
1.925	-0.6	0.7135
1.925	-0.5	0.6246
1.925	-0.4	0.6089
1.925	-0.3	0.701
1.925	-0.2	0.7076
1.925	-0.1	0.8132
1.925	0	0.919
1.925	0.1	1.009
1.925	0.2	1.1661
1.925	0.3	1.3574
1.925	0.4	1.4511
1.925	0.5	1.5708
1.925	0.6	1.8173
1.925	0.7	1.9204
1.925	0.8	2.0687
1.925	0.89	2.5138
1.925	1	2.5138
1.935	-1	0.8019
1.935	-0.8	0.8019
1.935	-0.7	0.6809
1.935	-0.6	0.6481
1.935	-0.5	0.6788
1.935	-0.4	0.5351
1.935	-0.3	0.5145
1.935	-0.2	0.6652
1.935	-0.1	0.7521
1.935	0	0.8608
1.935	0.1	1.073
1.935	0.2	1.087
1.935	0.3	1.2966
1.935	0.4	1.3857
1.935	0.5	1.5145
1.935	0.6	1.6909
1.935	0.7	1.9961
1.935	0.8	2.0156
1.935	0.89	2.5325
1.935	1	2.5325
1.945	-1	0.9631
1.945	-0.8	0.9631
1.945	-0.7	0.6629
1.945	-0.6	0.6188
1.945	-0.5	0.636
1.945	-0.4	0.551
1.945	-0.3	0.5619
1.945	-0.2	0.6074
1.945	-0.1	0.6906
1.945	0	0.8618
1.945	0.1	1.0415
1.945	0.2	1.0599
1.945	0.3	1.2736
1.945	0.4	1.4754
1.945	0.5	1.5362
1.945	0.6	1.788
1.945	0.7	2.0345
1.945	0.8	2.0836
1.945	0.89	2.3507
1.945	1	2.3507
1.965	-1	1.0288
1.965	-0.9	1.0288
1.965	-0.8	0.8887
1.965	-0.69	0.7765
1.965	-0.6	0.6063
1.965	-0.5	0.483
1.965	-0.4	0.4501
1.965	-0.3	0.4806
1.965	-0.2	0.5281
1.965	-0.1	0.617
1.965	0	0.7423
1.965	0.1	0.9113
1.965	0.2	0.9915
1.965	0.3	1.196
1.965	0.4	1.3663
1.965	0.5	1.4298
1.965	0.6	1.7131
1.965	0.7	1.909
1.965	0.8	2.2226
1.965	0.89	2.2172
1.965	1	2.2172
1.975	-1	0.8382
1.975	-0.9	0.8382
1.975	-0.8	0.7838
1.975	-0.7	0.667
1.975	-0.6	0.5108
1.975	-0.5	0.4282
1.975	-0.4	0.3717
1.975	-0.3	0.3958
1.975	-0.2	0.4621
1.975	-0.1	0.5933
1.975	0	0.6216
1.975	0.1	0.865
1.975	0.2	0.9053
1.975	0.3	1.1616
1.975	0.4	1.3002
1.975	0.5	1.4207
1.975	0.6	1.607
1.975	0.7	1.7999
1.975	0.8	1.939
1.975	0.89	2.1665
1.975	1	2.1665
1.985	-1	0.6158
1.985	-0.9	0.6158
1.985	-0.8	0.9276
1.985	-0.7	0.5732
1.985	-0.6	0.4817
1.985	-0.5	0.3966
1.985	-0.4	0.3553
1.985	-0.3	0.3536
1.985	-0.2	0.4186
1.985	-0.1	0.5043
1.985	0	0.6745
1.985	0.1	0.8063
1.985	0.2	0.9182
1.985	0.3	1.1102
1.985	0.4	1.2488
1.985	0.5	1.5167
1.985	0.6	1.6239
1.985	0.7	1.8648
1.985	0.8	1.8724
1.985	0.89	1.8344
1.985	1	1.8344
1.995	-1	0.7231
1.995	-0.9	0.7231
1.995	-0.8	0.7439
1.995	-0.7	0.533
1.995	-0.6	0.4371
1.995	-0.5	0.3955
1.995	-0.4	0.3038
1.995	-0.3	0.333
1.995	-0.2	0.3636
1.995	-0.1	0.5097
1.995	0	0.6273
1.995	0.1	0.7908
1.995	0.2	0.8868
1.995	0.3	1.1043
1.995	0.4	1.22
1.995	0.5	1.4142
1.995	0.6	1.5763
1.995	0.7	1.8544
1.995	0.8	1.8711
1.995	0.89	1.9036
1.995	1	1.9036
2.005	-1	0.5978
2.005	-0.9	0.5978
2.005	-0.8	0.7189
2.005	-0.7	0.4983
2.005	-0.6	0.361
2.005	-0.5	0.2897
2.005	-0.4	0.2901
2.005	-0.3	0.2898
2.005	-0.2	0.3367
2.005	-0.1	0.4537
2.005	0	0.5505
2.005	0.1	0.7133
2.005	0.2	0.8298
2.005	0.3	1.0243
2.005	0.4	1.1912
2.005	0.5	1.3024
2.005	0.6	1.5556
2.005	0.7	1.6461
2.005	0.8	1.769
2.005	0.89	1.9404
2.005	1	1.9404
2.015	-1	0.8097
2.015	-0.9	0.8097
2.015	-0.8	0.7432
2.015	-0.7	0.4171
2.015	-0.6	0.3547
2.015	-0.5	0.2787
2.015	-0.4	0.2224
2.015	-0.3	0.2366
2.015	-0.2	0.2964
2.015	-0.1	0.4064
2.015	0	0.4994
2.015	0.1	0.6962
2.015	0.2	0.801
2.015	0.3	0.9454
2.015	0.4	1.1624
2.015	0.5	1.3367
2.015	0.6	1.4877
2.015	0.7	1.561
2.015	0.8	1.7822
2.015	0.89	2.1192
2.015	1	2.1192
2.025	-1	0.6421
2.025	-0.9	0.6421
2.025	-0.8	0.5937
2.025	-0.7	0.4517
2.025	-0.6	0.2878
2.025	-0.5	0.2648
2.025	-0.4	0.2033
2.025	-0.3	0.2143
2.025	-0.2	0.2664
2.025	-0.1	0.3692
2.025	0	0.4881
2.025	0.1	0.6383
2.025	0.2	0.7657
2.025	0.3	0.9435
2.025	0.4	1.0511
2.025	0.5	1.2671
2.025	0.6	1.4269
2.025	0.7	1.6317
2.025	0.8	1.7204
2.025	0.89	1.7103
2.025	1	1.7103
2.035	-1	0.5406
2.035	-0.8	0.5406
2.035	-0.7	0.3824
2.035	-0.6	0.3099
2.035	-0.5	0.2577
2.035	-0.4	0.1798
2.035	-0.3	0.2139
2.035	-0.2	0.2743
2.035	-0.1	0.35
2.035	0	0.5165
2.035	0.1	0.6605
2.035	0.2	0.7727
2.035	0.3	0.9388
2.035	0.4	1.1171
2.035	0.5	1.3028
2.035	0.6	1.4619
2.035	0.7	1.7091
2.035	0.8	1.797
2.035	0.89	1.8272
2.035	1	1.8272
2.045	-1	0.5902
2.045	-0.9	0.5902
2.045	-0.8	0.5858
2.045	-0.7	0.3486
2.045	-0.6	0.2713
2.045	-0.5	0.2042
2.045	-0.4	0.1757
2.045	-0.3	0.1831
2.045	-0.2	0.2316
2.045	-0.1	0.3455
2.045	0	0.4698
2.045	0.1	0.5821
2.045	0.2	0.6844
2.045	0.3	0.9117
2.045	0.4	1.0654
2.045	0.5	1.204
2.045	0.6	1.447
2.045	0.7	1.6007
2.045	0.8	1.6841
2.045	0.89	2.1555
2.045	1	2.1555
2.055	-1	0.5458
2.055	-0.9	0.5458
2.055	-0.8	0.4503
2.055	-0.7	0.3381
2.055	-0.6	0.2545
2.055	-0.5	0.1841
2.055	-0.4	0.1524
2.055	-0.3	0.1591
2.055	-0.2	0.2078
2.055	-0.1	0.3205
2.055	0	0.4535
2.055	0.1	0.5792
2.055	0.2	0.7
2.055	0.3	0.8863
2.055	0.4	1.0768
2.055	0.5	1.1778
2.055	0.6	1.4385
2.055	0.7	1.742
2.055	0.8	1.7498
2.055	0.89	1.7517
2.055	1	1.7517
2.065	-1	0.5339
2.065	-0.9	0.5339
2.065	-0.8	0.4651
2.065	-0.7	0.3414
2.065	-0.6	0.2429
2.065	-0.5	0.1856
2.065	-0.4	0.1609
2.065	-0.3	0.1651
2.065	-0.2	0.2112
2.065	-0.1	0.2929
2.065	0	0.467
2.065	0.1	0.5597
2.065	0.2	0.6825
2.065	0.3	0.9026
2.065	0.4	1.0821
2.065	0.5	1.2342
2.065	0.6	1.4178
2.065	0.7	1.5943
2.065	0.8	1.7459
2.065	0.89	1.9502
2.065	1	1.9502
2.075	-1	0.4745
2.075	-0.9	0.4745
2.075	-0.8	0.449
2.075	-0.7	0.2988
2.075	-0.6	0.2048
2.075	-0.5	0.1693
2.075	-0.4	0.152
2.075	-0.3	0.1546
2.075	-0.2	0.2052
2.075	-0.1	0.2754
2.075	0	0.4337
2.075	0.1	0.5396
2.075	0.2	0.6346
2.075	0.3	0.8198
2.075	0.4	0.9999
2.075	0.5	1.1919
2.075	0.6	1.368
2.075	0.7	1.5796
2.075	0.8	1.7557
2.075	0.89	1.8291
2.075	1	1.8291
2.085	-1	0.4705
2.085	-0.9	0.4705
2.085	-0.8	0.4314
2.085	-0.7	0.2979
2.085	-0.6	0.246
2.085	-0.5	0.1693
2.085	-0.4	0.1575
2.085	-0.3	0.1484
2.085	-0.2	0.2082
2.085	-0.1	0.2879
2.085	0	0.4119
2.085	0.1	0.4996
2.085	0.2	0.6483
2.085	0.3	0.8902
2.085	0.4	1.0472
2.085	0.5	1.2402
2.085	0.6	1.4336
2.085	0.7	1.7191
2.085	0.8	1.8071
2.085	0.89	1.9916
2.085	1	1.9916
2.095	-1	0.5921
2.095	-0.9	0.5921
2.095	-0.8	0.5022
2.095	-0.7	0.2932
2.095	-0.6	0.2278
2.095	-0.5	0.1801
2.095	-0.4	0.1554
2.095	-0.3	0.1534
2.095	-0.2	0.2038
2.095	-0.1	0.257
2.095	0	0.4123
2.095	0.1	0.4861
2.095	0.2	0.6176
2.095	0.3	0.79
2.095	0.4	0.9542
2.095	0.5	1.1562
2.095	0.6	1.3964
2.095	0.7	1.6359
2.095	0.8	1.7839
2.095	0.89	1.954
2.095	1	1.954
2.105	-1	0.579
2.105	-0.9	0.579
2.105	-0.8	0.4733
2.105	-0.7	0.2943
2.105	-0.6	0.2339
2.105	-0.5	0.1911
2.105	-0.4	0.1449
2.105	-0.3	0.1509
2.105	-0.2	0.1844
2.105	-0.1	0.2569
2.105	0	0.3601
2.105	0.1	0.4152
2.105	0.2	0.5567
2.105	0.3	0.7451
2.105	0.4	0.9024
2.105	0.5	1.1038
2.105	0.6	1.3011
2.105	0.7	1.5105
2.105	0.8	1.7027
2.105	0.89	1.6366
2.105	1	1.6366
2.115	-1	0.5415
2.115	-0.89	0.5415
2.115	-0.8	0.4114
2.115	-0.7	0.287
2.115	-0.6	0.2369
2.115	-0.5	0.1943
2.115	-0.4	0.1473
2.115	-0.3	0.1583
2.115	-0.2	0.1875
2.115	-0.1	0.2218
2.115	0	0.3502
2.115	0.1	0.4013
2.115	0.2	0.5435
2.115	0.3	0.7375
2.115	0.4	0.8536
2.115	0.5	1.0851
2.115	0.6	1.2999
2.115	0.7	1.4835
2.115	0.8	1.686
2.115	0.89	1.8452
2.115	1	1.8452
2.125	-1	0.3808
2.125	-0.8	0.3808
2.125	-0.6	0.2267
2.125	-0.5	0.1719
2.125	-0.4	0.1675
2.125	-0.3	0.149
2.125	-0.2	0.1844
2.125	-0.1	0.2219
2.125	0	0.3283
2.125	0.1	0.3715
2.125	0.2	0.4979
2.125	0.3	0.6938
2.125	0.4	0.8401
2.125	0.5	1.03
2.125	0.6	1.2613
2.125	0.7	1.5118
2.125	0.8	1.6147
2.125	0.88	1.7462
2.125	1	1.7462
2.135	-1	0.6472
2.135	-0.9	0.6472
2.135	-0.8	0.422
2.135	-0.7	0.3025
2.135	-0.6	0.2136
2.135	-0.5	0.1805
2.135	-0.4	0.1388
2.135	-0.3	0.1437
2.135	-0.2	0.171
2.135	-0.1	0.2045
2.135	0	0.3104
2.135	0.1	0.3383
2.135	0.2	0.4793
2.135	0.3	0.6491
2.135	0.4	0.8057
2.135	0.5	0.991
2.135	0.6	1.2392
2.135	0.7	1.4348
2.135	0.8	1.6412
2.135	0.88	1.7543
2.135	1	1.7543
2.145	-1	0.3166
2.145	-0.8	0.3166
2.145	-0.7	0.2639
2.145	-0.6	0.2028
2.145	-0.5	0.1641
2.145	-0.4	0.16
2.145	-0.3	0.1494
2.145	-0.2	0.1792
2.145	-0.1	0.2099
2.145	0	0.2824
2.145	0.1	0.3471
2.145	0.2	0.454
2.145	0.3	0.5863
2.145	0.4	0.7643
2.145	0.5	0.9441
2.145	0.6	1.1948
2.145	0.7	1.3851
2.145	0.8	1.6906
2.145	0.88	1.6264
2.145	1	1.6264
2.155	-1	0.3509
2.155	-0.9	0.3509
2.155	-0.8	0.3334
2.155	-0.7	0.2748
2.155	-0.6	0.2307
2.155	-0.5	0.1765
2.155	-0.4	0.1546
2.155	-0.3	0.1456
2.155	-0.2	0.1709
2.155	-0.1	0.1902
2.155	0	0.2751
2.155	0.1	0.3052
2.155	0.2	0.3989
2.155	0.3	0.5399
2.155	0.4	0.6911
2.155	0.5	0.8759
2.155	0.6	1.1161
2.155	0.7	1.4224
2.155	0.8	1.529
2.155	0.88	1.5914
2.155	1	1.5914
2.165	-1	0.3248
2.165	-0.89	0.3248
2.165	-0.8	0.299
2.165	-0.7	0.247
2.165	-0.6	0.2032
2.165	-0.5	0.1782
2.165	-0.4	0.1499
2.165	-0.3	0.1337
2.165	-0.2	0.1513
2.165	-0.1	0.1687
2.165	0	0.2273
2.165	0.1	0.2807
2.165	0.2	0.3943
2.165	0.3	0.5437
2.165	0.4	0.6723
2.165	0.5	0.819
2.165	0.6	1.0626
2.165	0.7	1.3428
2.165	0.8	1.5269
2.165	0.88	1.6238
2.165	1	1.6238
2.175	-1	0.2504
2.175	-0.9	0.2504
2.175	-0.8	0.2532
2.175	-0.7	0.2346
2.175	-0.6	0.2285
2.175	-0.5	0.1787
2.175	-0.4	0.1321
2.175	-0.3	0.1331
2.175	-0.2	0.1386
2.175	-0.1	0.1599
2.175	0	0.2151
2.175	0.1	0.2648
2.175	0.2	0.3611
2.175	0.3	0.5173
2.175	0.4	0.6582
2.175	0.5	0.8414
2.175	0.6	1.135
2.175	0.7	1.3738
2.175	0.8	1.6109
2.175	0.88	1.7968
2.175	1	1.7968
2.185	-1	0.1899
2.185	-0.9	0.1899
2.185	-0.8	0.3215
2.185	-0.7	0.2201
2.185	-0.6	0.2012
2.185	-0.5	0.1659
2.185	-0.4	0.1431
2.185	-0.3	0.1281
2.185	-0.2	0.1432
2.185	-0.1	0.1567
2.185	0	0.2264
2.185	0.1	0.2566
2.185	0.2	0.3342
2.185	0.3	0.4908
2.185	0.4	0.6413
2.185	0.5	0.819
2.185	0.6	1.0407
2.185	0.7	1.2782
2.185	0.8	1.5131
2.185	0.88	1.6669
2.185	1	1.6669
2.195	-1	0.3081
2.195	-0.89	0.3081
2.195	-0.8	0.334
2.195	-0.7	0.21
2.195	-0.6	0.2016
2.195	-0.5	0.1454
2.195	-0.4	0.1464
2.195	-0.3	0.1351
2.195	-0.2	0.1378
2.195	-0.1	0.1475
2.195	0	0.2005
2.195	0.1	0.2583
2.195	0.2	0.3643
2.195	0.3	0.4909
2.195	0.4	0.6662
2.195	0.5	0.8395
2.195	0.6	1.1459
2.195	0.7	1.3254
2.195	0.8	1.5863
2.195	0.88	1.7053
2.195	1	1.7053
2.205	-1	0.4694
2.205	-0.89	0.4694
2.205	-0.8	0.3023
2.205	-0.7	0.2305
2.205	-0.6	0.2017
2.205	-0.5	0.168
2.205	-0.4	0.1289
2.205	-0.3	0.1261
2.205	-0.2	0.1229
2.205	-0.1	0.1419
2.205	0	0.1745
2.205	0.1	0.2317
2.205	0.2	0.3377
2.205	0.3	0.469
2.205	0.4	0.5885
2.205	0.5	0.7727
2.205	0.6	1.0613
2.205	0.7	1.3984
2.205	0.8	1.6776
2.205	0.88	1.5911
2.205	1	1.5911
2.215	-1	0.2612
2.215	-0.89	0.2612
2.215	-0.8	0.2114
2.215	-0.7	0.2015
2.215	-0.6	0.1842
2.215	-0.5	0.1487
2.215	-0.4	0.1295
2.215	-0.3	0.1082
2.215	-0.2	0.1141
2.215	-0.1	0.1265
2.215	0	0.1806
2.215	0.1	0.2238
2.215	0.2	0.2904
2.215	0.3	0.3936
2.215	0.4	0.5313
2.215	0.5	0.6943
2.215	0.6	0.9801
2.215	0.7	1.2751
2.215	0.8	1.5369
2.215	0.88	1.5405
2.215	1	1.5405
2.225	-1	0.2221
2.225	-0.8	0.2221
2.225	-0.7	0.1585
2.225	-0.6	0.1514
2.225	-0.5	0.1304
2.225	-0.4	0.1118
2.225	-0.3	0.1006
2.225	-0.2	0.1099
2.225	-0.1	0.128
2.225	0	0.165
2.225	0.1	0.1891
2.225	0.2	0.2776
2.225	0.3	0.3533
2.225	0.4	0.4936
2.225	0.5	0.671
2.225	0.6	0.9612
2.225	0.7	1.2139
2.225	0.8	1.471
2.225	0.88	1.6299
2.225	1	1.6299
2.235	-1	0.2879
2.235	-0.89	0.2879
2.235	-0.8	0.2431
2.235	-0.7	0.1884
2.235	-0.6	0.1547
2.235	-0.5	0.1218
2.235	-0.4	0.103
2.235	-0.3	0.0995
2.235	-0.2	0.1098
2.235	-0.1	0.1257
2.235	0	0.1373
2.235	0.1	0.1848
2.235	0.2	0.2675
2.235	0.3	0.3583
2.235	0.4	0.4541
2.235	0.5	0.6317
2.235	0.6	0.9216
2.235	0.7	1.191
2.235	0.8	1.4829
2.235	0.88	1.5145
2.235	1	1.5145
2.245	-1	0.2143
2.245	-0.89	0.2143
2.245	-0.8	0.2191
2.245	-0.7	0.1496
2.245	-0.6	0.1471
2.245	-0.5	0.1297
2.245	-0.4	0.1181
2.245	-0.3	0.1058
2.245	-0.2	0.097
2.245	-0.1	0.1023
2.245	0	0.1427
2.245	0.1	0.168
2.245	0.2	0.2287
2.245	0.3	0.3264
2.245	0.4	0.4457
2.245	0.5	0.6296
2.245	0.6	0.9119
2.245	0.7	1.1198
2.245	0.8	1.4506
2.245	0.88	1.3917
2.245	1	1.3917
2.255	-1	0.2148
2.255	-0.89	0.2148
2.255	-0.8	0.2404
2.255	-0.7	0.1931
2.255	-0.6	0.1457
2.255	-0.5	0.1286
2.255	-0.4	0.1125
2.255	-0.3	0.1059
2.255	-0.2	0.109
2.255	-0.1	0.1136
2.255	0	0.1468
2.255	0.1	0.17
2.255	0.2	0.2473
2.255	0.3	0.3204
2.255	0.4	0.4396
2.255	0.5	0.6459
2.255	0.6	0.9139
2.255	0.7	1.2386
2.255	0.8	1.565
2.255	0.88	1.5228
2.255	1	1.5228
2.265	-1	0.1773
2.265	-0.89	0.1773
2.265	-0.8	0.2161
2.265	-0.7	0.1524
2.265	-0.6	0.138
2.265	-0.5	0.1054
2.265	-0.4	0.1113
2.265	-0.3	0.095
2.265	-0.2	0.0969
2.265	-0.1	0.1184
2.265	0	0.1535
2.265	0.1	0.1747
2.265	0.2	0.2454
2.265	0.3	0.3207
2.265	0.4	0.423
2.265	0.5	0.6493
2.265	0.6	0.9484
2.265	0.7	1.1823
2.265	0.8	1.5488
2.265	0.88	1.6042
2.265	1	1.6042
2.275	-1	0.1834
2.275	-0.89	0.1834
2.275	-0.8	0.1953
2.275	-0.7	0.1739
2.275	-0.6	0.1374
2.275	-0.5	0.119
2.275	-0.4	0.1066
2.275	-0.3	0.0947
2.275	-0.2	0.0971
2.275	-0.1	0.1073
2.275	0	0.1433
2.275	0.1	0.1585
2.275	0.2	0.2128
2.275	0.3	0.3034
2.275	0.4	0.4292
2.275	0.5	0.6076
2.275	0.6	0.9005
2.275	0.7	1.2345
2.275	0.8	1.5447
2.275	0.88	1.6741
2.275	1	1.6741
2.285	-1	0.1978
2.285	-0.8	0.1978
2.285	-0.7	0.1492
2.285	-0.6	0.1452
2.285	-0.5	0.1094
2.285	-0.4	0.0971
2.285	-0.3	0.0799
2.285	-0.2	0.0916
2.285	-0.1	0.1162
2.285	0	0.1056
2.285	0.1	0.1379
2.285	0.2	0.2257
2.285	0.3	0.2989
2.285	0.4	0.3738
2.285	0.5	0.5818
2.285	0.6	0.8456
2.285	0.7	1.1154
2.285	0.8	1.4531
2.285	0.88	1.5893
2.285	1	1.5893
2.295	-1	0.209
2.295	-0.89	0.209
2.295	-0.8	0.1884
2.295	-0.7	0.1544
2.295	-0.6	0.1171
2.295	-0.5	0.0974
2.295	-0.4	0.1004
2.295	-0.3	0.0831
2.295	-0.2	0.0896
2.295	-0.1	0.0847
2.295	0	0.1218
2.295	0.1	0.1383
2.295	0.2	0.1943
2.295	0.3	0.2477
2.295	0.4	0.3938
2.295	0.5	0.5512
2.295	0.6	0.778
2.295	0.7	1.1331
2.295	0.8	1.4314
2.295	0.88	1.3201
2.295	1	1.3201
2.305	-1	0.2423
2.305	-0.89	0.2423
2.305	-0.8	0.172
2.305	-0.7	0.148
2.305	-0.6	0.1038
2.305	-0.5	0.0939
2.305	-0.4	0.0843
2.305	-0.3	0.0933
2.305	-0.2	0.0931
2.305	-0.1	0.0961
2.305	0	0.1303
2.305	0.1	0.1387
2.305	0.2	0.1804
2.305	0.3	0.242
2.305	0.4	0.3479
2.305	0.5	0.5352
2.305	0.6	0.7943
2.305	0.7	1.0784
2.305	0.8	1.4643
2.305	0.88	1.4637
2.305	1	1.4637
2.315	-1	0.1624
2.315	-0.89	0.1624
2.315	-0.8	0.2208
2.315	-0.7	0.1301
2.315	-0.6	0.1084
2.315	-0.5	0.0781
2.315	-0.4	0.0805
2.315	-0.3	0.0786
2.315	-0.2	0.0678
2.315	-0.1	0.0857
2.315	0	0.0953
2.315	0.1	0.1248
2.315	0.2	0.1788
2.315	0.3	0.2019
2.315	0.4	0.3132
2.315	0.5	0.4611
2.315	0.6	0.7016
2.315	0.7	0.9638
2.315	0.8	1.3491
2.315	0.88	1.3479
2.315	1	1.3479
2.325	-1	0.1683
2.325	-0.8	0.1683
2.325	-0.7	0.1229
2.325	-0.6	0.1064
2.325	-0.5	0.0899
2.325	-0.4	0.0704
2.325	-0.3	0.0771
2.325	-0.2	0.074
2.325	-0.1	0.0944
2.325	0	0.1002
2.325	0.1	0.1076
2.325	0.2	0.1613
2.325	0.3	0.2079
2.325	0.4	0.3253
2.325	0.5	0.472
2.325	0.6	0.7214
2.325	0.7	0.9586
2.325	0.8	1.3336
2.325	0.88	1.3499
2.325	1	1.3499
2.335	-1	0.1481
2.335	-0.8	0.1481
2.335	-0.7	0.1161
2.335	-0.6	0.0996
2.335	-0.5	0.0763
2.335	-0.4	0.072
2.335	-0.3	0.0751
2.335	-0.2	0.0718
2.335	-0.1	0.0837
2.335	0	0.0899
2.335	0.1	0.1018
2.335	0.2	0.1442
2.335	0.3	0.1944
2.335	0.4	0.2818
2.335	0.5	0.4598
2.335	0.6	0.6642
2.335	0.7	0.9891
2.335	0.8	1.3358
2.335	0.88	1.2743
2.335	1	1.2743
2.345	-1	0.1492
2.345	-0.8	0.1492
2.345	-0.7	0.1168
2.345	-0.6	0.0849
2.345	-0.5	0.0866
2.345	-0.4	0.0717
2.345	-0.3	0.078
2.345	-0.2	0.06
2.345	-0.1	0.0787
2.345	0	0.0889
2.345	0.1	0.116
2.345	0.2	0.1272
2.345	0.3	0.1739
2.345	0.4	0.2613
2.345	0.5	0.4311
2.345	0.6	0.6979
2.345	0.7	0.9401
2.345	0.8	1.2779
2.345	0.88	1.2602
2.345	1	1.2602
2.355	-1	0.1304
2.355	-0.8	0.1304
2.355	-0.7	0.1064
2.355	-0.6	0.09
2.355	-0.5	0.0742
2.355	-0.4	0.0831
2.355	-0.3	0.0772
2.355	-0.2	0.0728
2.355	-0.1	0.0905
2.355	0	0.0932
2.355	0.1	0.0967
2.355	0.2	0.1336
2.355	0.3	0.1787
2.355	0.4	0.2711
2.355	0.5	0.4335
2.355	0.6	0.7259
2.355	0.7	1.0393
2.355	0.8	1.4173
2.355	0.88	1.4605
2.355	1	1.4605
2.365	-1	0.1408
2.365	-0.89	0.1408
2.365	-0.8	0.1397
2.365	-0.7	0.1108
2.365	-0.6	0.0883
2.365	-0.5	0.0701
2.365	-0.4	0.0669
2.365	-0.3	0.0687
2.365	-0.2	0.0714
2.365	-0.1	0.0812
2.365	0	0.0849
2.365	0.1	0.098
2.365	0.2	0.1288
2.365	0.3	0.1684
2.365	0.4	0.2806
2.365	0.5	0.443
2.365	0.6	0.6926
2.365	0.7	1.071
2.365	0.8	1.358
2.365	0.88	1.4558
2.365	1	1.4558
2.375	-1	0.1385
2.375	-0.8	0.1385
2.375	-0.7	0.1028
2.375	-0.6	0.0819
2.375	-0.5	0.0729
2.375	-0.4	0.0655
2.375	-0.3	0.0604
2.375	-0.2	0.0543
2.375	-0.1	0.0958
2.375	0	0.0849
2.375	0.1	0.1025
2.375	0.2	0.1156
2.375	0.3	0.1754
2.375	0.4	0.2362
2.375	0.5	0.4157
2.375	0.6	0.6612
2.375	0.7	1.0314
2.375	0.8	1.314
2.375	0.88	1.4835
2.375	1	1.4835
2.385	-1	0.11
2.385	-0.8	0.11
2.385	-0.7	0.0911
2.385	-0.6	0.0741
2.385	-0.5	0.0693
2.385	-0.4	0.0586
2.385	-0.3	0.0613
2.385	-0.2	0.0722
2.385	-0.1	0.0581
2.385	0	0.0798
2.385	0.1	0.0761
2.385	0.2	0.1044
2.385	0.3	0.1463
2.385	0.4	0.2111
2.385	0.5	0.3737
2.385	0.6	0.5455
2.385	0.7	0.8811
2.385	0.8	1.1525
2.385	0.88	1.227
2.385	1	1.227
2.395	-1	0.113
2.395	-0.8	0.113
2.395	-0.7	0.1006
2.395	-0.6	0.0735
2.395	-0.5	0.0461
2.395	-0.4	0.0565
2.395	-0.3	0.0629
2.395	-0.2	0.0678
2.395	-0.1	0.0784
2.395	0	0.0677
2.395	0.1	0.0795
2.395	0.2	0.0783
2.395	0.3	0.1362
2.395	0.4	0.2142
2.395	0.5	0.345
2.395	0.6	0.5962
2.395	0.7	0.8631
2.395	0.8	1.1592
2.395	0.88	1.2522
2.395	1	1.2522
2.405	-1	0.1248
2.405	-0.8	0.1248
2.405	-0.7	0.0819
2.405	-0.6	0.0549
2.405	-0.5	0.0535
2.405	-0.4	0.0521
2.405	-0.3	0.0668
2.405	-0.2	0.0714
2.405	-0.1	0.0668
2.405	0	0.0668
2.405	0.1	0.0776
2.405	0.2	0.0821
2.405	0.3	0.1157
2.405	0.4	0.1945
2.405	0.5	0.3359
2.405	0.6	0.5276
2.405	0.7	0.8249
2.405	0.8	1.1468
2.405	0.88	1.0952
2.405	1	1.0952
2.415	-1	0.1046
2.415	-0.8	0.1046
2.415	-0.7	0.0659
2.415	-0.6	0.0629
2.415	-0.5	0.0436
2.415	-0.4	0.0562
2.415	-0.3	0.0624
2.415	-0.2	0.0622
2.415	-0.1	0.0794
2.415	0	0.0612
2.415	0.1	0.0622
2.415	0.2	0.0802
2.415	0.3	0.1242
2.415	0.4	0.1839
2.415	0.5	0.3449
2.415	0.6	0.577
2.415	0.7	0.8554
2.415	0.8	1.1602
2.415	0.88	1.3088
2.415	1	1.3088
2.425	-1	0.1352
2.425	-0.8	0.1352
2.425	-0.7	0.08
2.425	-0.6	0.064
2.425	-0.5	0.0521
2.425	-0.4	0.0522
2.425	-0.3	0.057
2.425	-0.2	0.0534
2.425	-0.1	0.0652
2.425	0	0.076
2.425	0.1	0.0756
2.425	0.2	0.0947
2.425	0.3	0.1207
2.425	0.4	0.1701
2.425	0.5	0.3116
2.425	0.6	0.5545
2.425	0.7	0.8711
2.425	0.8	1.2416
2.425	0.88	1.303
2.425	1	1.303
2.435	-1	0.121
2.435	-0.8	0.121
2.435	-0.7	0.0778
2.435	-0.6	0.0453
2.435	-0.5	0.0561
2.435	-0.4	0.0544
2.435	-0.3	0.064
2.435	-0.2	0.0664
2.435	-0.1	0.059
2.435	0	0.0745
2.435	0.1	0.066
2.435	0.2	0.0843
2.435	0.3	0.1159
2.435	0.4	0.1639
2.435	0.5	0.3165
2.435	0.6	0.5375
2.435	0.7	0.8112
2.435	0.8	1.1859
2.435	0.88	1.0428
2.435	1	1.0428
2.445	-1	0.1236
2.445	-0.8	0.1236
2.445	-0.7	0.0625
2.445	-0.6	0.0439
2.445	-0.5	0.0502
2.445	-0.4	0.0422
2.445	-0.3	0.0503
2.445	-0.2	0.0588
2.445	-0.1	0.0683
2.445	0	0.0716
2.445	0.1	0.058
2.445	0.2	0.0742
2.445	0.3	0.1038
2.445	0.4	0.1626
2.445	0.5	0.3252
2.445	0.6	0.5608
2.445	0.7	0.9249
2.445	0.8	1.1498
2.445	0.88	0.9476
2.445	1	0.9476
2.455	-1	0.0981
2.455	-0.8	0.0981
2.455	-0.7	0.0667
2.455	-0.6	0.0451
2.455	-0.5	0.0419
2.455	-0.4	0.0411
2.455	-0.3	0.0512
2.455	-0.2	0.0625
2.455	-0.1	0.0583
2.455	0	0.0577
2.455	0.1	0.0656
2.455	0.2	0.0786
2.455	0.3	0.1089
2.455	0.4	0.1458
2.455	0.5	0.3034
2.455	0.6	0.5222
2.455	0.7	0.7882
2.455	0.8	1.1478
2.455	0.88	0.8592
2.455	1	0.8592
2.465	-1	0.0791
2.465	-0.8	0.0791
2.465	-0.7	0.0498
2.465	-0.6	0.0363
2.465	-0.5	0.0335
2.465	-0.4	0.0422
2.465	-0.3	0.0432
2.465	-0.2	0.0486
2.465	-0.1	0.0567
2.465	0	0.0507
2.465	0.1	0.0523
2.465	0.2	0.0699
2.465	0.3	0.0941
2.465	0.4	0.1563
2.465	0.5	0.275
2.465	0.6	0.5307
2.465	0.7	0.7985
2.465	0.8	1.121
2.465	0.87	1.1203
2.465	1	1.1203
2.475	-1	0.0828
2.475	-0.8	0.0828
2.475	-0.7	0.058
2.475	-0.6	0.0409
2.475	-0.5	0.0323
2.475	-0.4	0.0402
2.475	-0.3	0.0519
2.475	-0.2	0.0541
2.475	-0.1	0.0543
2.475	0	0.0595
2.475	0.1	0.0543
2.475	0.2	0.0561
2.475	0.3	0.0841
2.475	0.4	0.1399
2.475	0.5	0.2678
2.475	0.6	0.4799
2.475	0.7	0.8116
2.475	0.8	1.1442
2.475	0.87	1.1938
2.475	1	1.1938
2.485	-1	0.1023
2.485	-0.8	0.1023
2.485	-0.7	0.0644
2.485	-0.6	0.0517
2.485	-0.5	0.0317
2.485	-0.4	0.04
2.485	-0.3	0.053
2.485	-0.2	0.0515
2.485	-0.1	0.0665
2.485	0	0.0497
2.485	0.1	0.0679
2.485	0.2	0.0646
2.485	0.3	0.0803
2.485	0.4	0.1342
2.485	0.5	0.2706
2.485	0.6	0.5173
2.485	0.7	0.8382
2.485	0.8	1.1559
2.485	0.87	1.2641
2.485	1	1.2641
2.495	-1	0.0802
2.495	-0.8	0.0802
2.495	-0.7	0.0491
2.495	-0.6	0.0347
2.495	-0.5	0.0276
2.495	-0.4	0.0298
2.495	-0.3	0.0391
2.495	-0.2	0.0404
2.495	-0.1	0.0556
2.495	0	0.0585
2.495	0.1	0.053
2.495	0.2	0.0588
2.495	0.3	0.0709
2.495	0.4	0.1304
2.495	0.5	0.2517
2.495	0.6	0.4662
2.495	0.7	0.7507
2.495	0.8	1.028
2.495	0.87	1.2025
2.495	1	1.2025
2.505	-1	0.0695
2.505	-0.8	0.0695
2.505	-0.7	0.048
2.505	-0.6	0.0365
2.505	-0.5	0.0339
2.505	-0.4	0.0272
2.505	-0.3	0.0428
2.505	-0.2	0.0515
2.505	-0.1	0.0513
2.505	0	0.0408
2.505	0.1	0.0545
2.505	0.2	0.0596
2.505	0.3	0.0799
2.505	0.4	0.1374
2.505	0.5	0.2466
2.505	0.6	0.4555
2.505	0.7	0.7195
2.505	0.8	1.1269
2.505	0.87	1.0959
2.505	1	1.0959
2.515	-1	0.0647
2.515	-0.8	0.0647
2.515	-0.7	0.0338
2.515	-0.6	0.0294
2.515	-0.5	0.0223
2.515	-0.4	0.0281
2.515	-0.3	0.0373
2.515	-0.2	0.0403
2.515	-0.1	0.0439
2.515	0	0.0493
2.515	0.1	0.0456
2.515	0.2	0.0547
2.515	0.3	0.0649
2.515	0.4	0.1146
2.515	0.5	0.2397
2.515	0.6	0.4597
2.515	0.7	0.7191
2.515	0.8	1.0944
2.515	0.87	1.1769
2.515	1	1.1769
2.525	-1	0.0765
2.525	-0.8	0.0765
2.525	-0.7	0.0288
2.525	-0.6	0.0296
2.525	-0.5	0.024
2.525	-0.4	0.0293
2.525	-0.3	0.0407
2.525	-0.2	0.0408
2.525	-0.1	0.0444
2.525	0	0.0472
2.525	0.1	0.0491
2.525	0.2	0.0571
2.525	0.3	0.0744
2.525	0.4	0.1078
2.525	0.5	0.2303
2.525	0.6	0.4289
2.525	0.7	0.7463
2.525	0.8	1.0618
2.525	0.87	1.0559
2.525	1	1.0559
2.535	-1	0.0625
2.535	-0.8	0.0625
2.535	-0.7	0.0407
2.535	-0.6	0.0265
2.535	-0.5	0.0241
2.535	-0.4	0.0267
2.535	-0.3	0.0403
2.535	-0.2	0.0468
2.535	-0.1	0.0397
2.535	0	0.0464
2.535	0.1	0.044
2.535	0.2	0.0521
2.535	0.3	0.064
2.535	0.4	0.0946
2.535	0.5	0.2124
2.535	0.6	0.3884
2.535	0.7	0.6829
2.535	0.8	1.0067
2.535	0.87	1.1456
2.535	1	1.1456
2.545	-1	0.0628
2.545	-0.8	0.0628
2.545	-0.7	0.0301
2.545	-0.6	0.0329
2.545	-0.5	0.0256
2.545	-0.4	0.0224
2.545	-0.3	0.031
2.545	-0.2	0.0357
2.545	-0.1	0.0441
2.545	0	0.0444
2.545	0.1	0.0482
2.545	0.2	0.0538
2.545	0.3	0.0654
2.545	0.4	0.0941
2.545	0.5	0.2163
2.545	0.6	0.4064
2.545	0.7	0.7395
2.545	0.8	1.0303
2.545	0.87	1.0945
2.545	1	1.0945
2.555	-1	0.0917
2.555	-0.8	0.0917
2.555	-0.7	0.0413
2.555	-0.6	0.0217
2.555	-0.5	0.0143
2.555	-0.4	0.0324
2.555	-0.3	0.0377
2.555	-0.2	0.0353
2.555	-0.1	0.0388
2.555	0	0.0316
2.555	0.1	0.0416
2.555	0.2	0.0451
2.555	0.3	0.0519
2.555	0.4	0.0991
2.555	0.5	0.1906
2.555	0.6	0.3904
2.555	0.7	0.6926
2.555	0.8	1.0333
2.555	0.87	1.2542
2.555	1	1.2542
2.565	-1	0.0261
2.565	-0.4	0.0261
2.565	-0.3	0.0326
2.565	-0.2	0.0319
2.565	-0.1	0.0346
2.565	0	0.039
2.565	0.1	0.0371
2.565	0.2	0.046
2.565	0.3	0.0573
2.565	0.4	0.0963
2.565	0.5	0.1954
2.565	0.6	0.394
2.565	0.7	0.699
2.565	0.8	1.0463
2.565	0.87	1.0448
2.565	1	1.0448
2.575	-1	0.0669
2.575	-0.8	0.0669
2.575	-0.7	0.04
2.575	-0.6	0.0229
2.575	-0.5	0.0294
2.575	-0.4	0.0232
2.575	-0.3	0.0295
2.575	-0.2	0.0381
2.575	-0.1	0.0324
2.575	0	0.0356
2.575	0.1	0.0313
2.575	0.2	0.0446
2.575	0.3	0.0571
2.575	0.4	0.0828
2.575	0.5	0.1613
2.575	0.6	0.3557
2.575	0.7	0.6506
2.575	0.8	0.9421
2.575	0.87	1.1528
2.575	1	1.1528
2.585	-1	0.0868
2.585	-0.8	0.0868
2.585	-0.7	0.0466
2.585	-0.6	0.0292
2.585	-0.5	0.0247
2.585	-0.4	0.0296
2.585	-0.3	0.0344
2.585	-0.2	0.0321
2.585	-0.1	0.0349
2.585	0	0.0274
2.585	0.1	0.0338
2.585	0.2	0.0404
2.585	0.3	0.0477
2.585	0.4	0.0756
2.585	0.5	0.1693
2.585	0.6	0.3367
2.585	0.7	0.6207
2.585	0.8	0.9633
2.585	0.87	1.0632
2.585	1	1.0632
2.595	-1	0.0185
2.595	-0.5	0.0185
2.595	-0.4	0.0298
2.595	-0.3	0.0282
2.595	-0.2	0.0359
2.595	-0.1	0.0325
2.595	0	0.0329
2.595	0.1	0.0237
2.595	0.2	0.0292
2.595	0.3	0.0459
2.595	0.4	0.0828
2.595	0.5	0.1668
2.595	0.6	0.336
2.595	0.7	0.5697
2.595	0.8	0.9055
2.595	0.87	0.9959
2.595	1	0.9959
2.605	-1	0.0794
2.605	-0.8	0.0794
2.605	-0.7	0.0416
2.605	-0.6	0.0221
2.605	-0.5	0.0149
2.605	-0.4	0.0183
2.605	-0.3	0.0311
2.605	-0.2	0.0226
2.605	-0.1	0.0297
2.605	0	0.0324
2.605	0.1	0.0299
2.605	0.2	0.0301
2.605	0.3	0.0389
2.605	0.4	0.0726
2.605	0.5	0.1781
2.605	0.6	0.3283
2.605	0.7	0.5881
2.605	0.8	0.9491
2.605	0.87	1.0555
2.605	1	1.0555
2.615	-1	0.0709
2.615	-0.8	0.0709
2.615	-0.7	0.0395
2.615	-0.6	0.0146
2.615	-0.5	0.0189
2.615	-0.4	0.0172
2.615	-0.3	0.0234
2.615	-0.2	0.0207
2.615	-0.1	0.0294
2.615	0	0.0288
2.615	0.1	0.0348
2.615	0.2	0.0332
2.615	0.3	0.0397
2.615	0.4	0.0738
2.615	0.5	0.1528
2.615	0.6	0.3101
2.615	0.7	0.5933
2.615	0.8	0.9717
2.615	0.87	0.9172
2.615	1	0.9172
2.625	-1	0.0569
2.625	-0.8	0.0569
2.625	-0.7	0.0372
2.625	-0.6	0.0168
2.625	-0.5	0.0192
2.625	-0.4	0.0231
2.625	-0.3	0.0263
2.625	-0.2	0.022
2.625	-0.1	0.0262
2.625	0	0.0247
2.625	0.1	0.029
2.625	0.2	0.0311
2.625	0.3	0.0346
2.625	0.4	0.0603
2.625	0.5	0.1428
2.625	0.6	0.3121
2.625	0.7	0.5941
2.625	0.8	0.9447
2.625	0.87	1.054
2.625	1	1.054
2.635	-1	0.0619
2.635	-0.8	0.0619
2.635	-0.7	0.0407
2.635	-0.6	0.0262
2.635	-0.5	0.0174
2.635	-0.4	0.021
2.635	-0.3	0.0287
2.635	-0.2	0.0253
2.635	-0.1	0.0233
2.635	0	0.0266
2.635	0.1	0.0299
2.635	0.2	0.0257
2.635	0.3	0.0344
2.635	0.4	0.0625
2.635	0.5	0.1342
2.635	0.6	0.2591
2.635	0.7	0.564
2.635	0.8	0.8918
2.635	0.87	1.1291
2.635	1	1.1291
2.645	-1	0.0388
2.645	-0.8	0.0388
2.645	-0.7	0.0216
2.645	-0.6	0.0157
2.645	-0.5	0.0165
2.645	-0.4	0.0208
2.645	-0.3	0.024
2.645	-0.2	0.0299
2.645	-0.1	0.0243
2.645	0	0.0263
2.645	0.1	0.027
2.645	0.2	0.0249
2.645	0.3	0.0326
2.645	0.4	0.0581
2.645	0.5	0.1352
2.645	0.6	0.2756
2.645	0.7	0.4968
2.645	0.8	0.8348
2.645	0.87	0.9186
2.645	1	0.9186
2.655	-1	0.0568
2.655	-0.8	0.0568
2.655	-0.7	0.0297
2.655	-0.6	0.022
2.655	-0.5	0.013
2.655	-0.4	0.0169
2.655	-0.3	0.018
2.655	-0.2	0.0255
2.655	-0.1	0.0226
2.655	0	0.0188
2.655	0.1	0.0218
2.655	0.2	0.0263
2.655	0.3	0.0273
2.655	0.4	0.0553
2.655	0.5	0.1169
2.655	0.6	0.2498
2.655	0.7	0.51
2.655	0.8	0.8518
2.655	0.87	0.9739
2.655	1	0.9739
2.665	-1	0.0515
2.665	-0.8	0.0515
2.665	-0.7	0.0319
2.665	-0.6	0.021
2.665	-0.5	0.0148
2.665	-0.4	0.0188
2.665	-0.3	0.0226
2.665	-0.2	0.0275
2.665	-0.1	0.0237
2.665	0	0.0198
2.665	0.1	0.0236
2.665	0.2	0.0212
2.665	0.3	0.0314
2.665	0.4	0.0466
2.665	0.5	0.1143
2.665	0.6	0.249
2.665	0.7	0.5323
2.665	0.8	0.819
2.665	0.87	0.8076
2.665	1	0.8076
2.675	-1	0.0403
2.675	-0.8	0.0403
2.675	-0.7	0.0276
2.675	-0.6	0.0127
2.675	-0.5	0.0113
2.675	-0.4	0.0156
2.675	-0.3	0.0161
2.675	-0.2	0.0214
2.675	-0.1	0.017
2.675	0	0.0257
2.675	0.1	0.028
2.675	0.2	0.0202
2.675	0.3	0.0249
2.675	0.4	0.0481
2.675	0.5	0.109
2.675	0.6	0.2564
2.675	0.7	0.5096
2.675	0.8	0.8544
2.675	0.87	0.9117
2.675	1	0.9117
2.685	-1	0.0397
2.685	-0.8	0.0397
2.685	-0.7	0.0313
2.685	-0.6	0.0191
2.685	-0.5	0.0198
2.685	-0.4	0.0152
2.685	-0.3	0.0202
2.685	-0.2	0.0132
2.685	-0.1	0.0184
2.685	0	0.0249
2.685	0.1	0.0223
2.685	0.2	0.0174
2.685	0.3	0.0287
2.685	0.4	0.0414
2.685	0.5	0.1202
2.685	0.6	0.2491
2.685	0.7	0.5067
2.685	0.8	0.8205
2.685	0.87	0.8221
2.685	1	0.8221
2.695	-1	0.0541
2.695	-0.8	0.0541
2.695	-0.7	0.0263
2.695	-0.6	0.0224
2.695	-0.5	0.0131
2.695	-0.4	0.0177
2.695	-0.3	0.0164
2.695	-0.2	0.0206
2.695	-0.1	0.0175
2.695	0	0.0207
2.695	0.1	0.0227
2.695	0.2	0.0192
2.695	0.3	0.0257
2.695	0.4	0.0405
2.695	0.5	0.0936
2.695	0.6	0.2358
2.695	0.7	0.4813
2.695	0.8	0.7893
2.695	0.87	0.9527
2.695	1	0.9527
2.705	-1	0.046
2.705	-0.8	0.046
2.705	-0.7	0.0364
2.705	-0.6	0.0197
2.705	-0.5	0.0168
2.705	-0.4	0.0171
2.705	-0.3	0.0134
2.705	-0.2	0.0178
2.705	-0.1	0.017
2.705	0	0.0163
2.705	0.1	0.0181
2.705	0.2	0.024
2.705	0.3	0.0234
2.705	0.4	0.0452
2.705	0.5	0.093
2.705	0.6	0.2324
2.705	0.7	0.4619
2.705	0.8	0.7611
2.705	0.87	0.9524
2.705	1	0.9524
2.715	-1	0.0479
2.715	-0.8	0.0479
2.715	-0.7	0.0249
2.715	-0.6	0.0188
2.715	-0.5	0.0114
2.715	-0.4	0.0134
2.715	-0.3	0.0116
2.715	-0.2	0.0155
2.715	-0.1	0.0124
2.715	0	0.0158
2.715	0.1	0.0184
2.715	0.2	0.0195
2.715	0.3	0.0291
2.715	0.4	0.0379
2.715	0.5	0.0967
2.715	0.6	0.2214
2.715	0.7	0.4291
2.715	0.8	0.8372
2.715	0.87	0.9969
2.715	1	0.9969
2.725	-1	0.045
2.725	-0.8	0.045
2.725	-0.7	0.0237
2.725	-0.6	0.0142
2.725	-0.5	0.012
2.725	-0.4	0.0193
2.725	-0.3	0.0162
2.725	-0.2	0.0179
2.725	-0.1	0.0185
2.725	0	0.0165
2.725	0.1	0.0158
2.725	0.2	0.0168
2.725	0.3	0.0195
2.725	0.4	0.0401
2.725	0.5	0.1021
2.725	0.6	0.2095
2.725	0.7	0.427
2.725	0.8	0.7706
2.725	0.87	1.1275
2.725	1	1.1275
2.755	-1	0.0306
2.755	-0.8	0.0306
2.755	-0.7	0.0205
2.755	-0.6	0.016
2.755	-0.5	0.0138
2.755	-0.4	0.0154
2.755	-0.3	0.0085
2.755	-0.21	0.0205
2.755	-0.1	0.0171
2.755	0	0.0153
2.755	0.1	0.0113
2.755	0.2	0.0147
2.755	0.3	0.0166
2.755	0.4	0.0337
2.755	0.5	0.0724
2.755	0.6	0.1758
2.755	0.7	0.3668
2.755	0.8	0.6986
2.755	0.86	0.8673
2.755	1	0.8673
2.765	-1	0.0313
2.765	-0.8	0.0313
2.765	-0.7	0.0216
2.765	-0.6	0.0134
2.765	-0.5	0.0119
2.765	-0.4	0.0104
2.765	-0.3	0.0112
2.765	-0.2	0.0113
2.765	-0.1	0.0115
2.765	0	0.0134
2.765	0.1	0.016
2.765	0.2	0.0185
2.765	0.3	0.0149
2.765	0.4	0.0364
2.765	0.5	0.0739
2.765	0.6	0.1725
2.765	0.7	0.4106
2.765	0.8	0.7468
2.765	0.86	0.8612
2.765	1	0.8612
2.775	-1	0.0192
2.775	-0.7	0.0192
2.775	-0.6	0.0157
2.775	-0.5	0.0127
2.775	-0.4	0.0138
2.775	-0.3	0.0159
2.775	-0.2	0.0136
2.775	-0.1	0.0122
2.775	0	0.0113
2.775	0.1	0.0151
2.775	0.2	0.0138
2.775	0.3	0.0186
2.775	0.4	0.0273
2.775	0.5	0.0654
2.775	0.6	0.1733
2.775	0.7	0.3602
2.775	0.8	0.7053
2.775	0.86	0.8938
2.775	1	0.8938
2.785	-1	0.0133
2.785	-0.7	0.0133
2.785	-0.6	0.0152
2.785	-0.5	0.0125
2.785	-0.4	0.0149
2.785	-0.3	0.0155
2.785	-0.2	0.0126
2.785	-0.1	0.0112
2.785	0	0.0142
2.785	0.1	0.0128
2.785	0.2	0.013
2.785	0.3	0.014
2.785	0.4	0.026
2.785	0.5	0.0594
2.785	0.6	0.1641
2.785	0.7	0.3656
2.785	0.8	0.6647
2.785	0.86	0.884
2.785	1	0.884
2.795	-1	0.0342
2.795	-0.8	0.0342
2.795	-0.7	0.0188
2.795	-0.6	0.0123
2.795	-0.5	0.01
2.795	-0.4	0.0117
2.795	-0.3	0.0086
2.795	-0.2	0.0157
2.795	-0.1	0.0084
2.795	0	0.0125
2.795	0.1	0.0136
2.795	0.2	0.0117
2.795	0.3	0.0175
2.795	0.4	0.0274
2.795	0.5	0.0571
2.795	0.6	0.1741
2.795	0.7	0.3623
2.795	0.8	0.7175
2.795	0.86	0.7328
2.795	1	0.7328
2.805	-1	0.0221
2.805	-0.8	0.0221
2.805	-0.7	0.014
2.805	-0.6	0.0128
2.805	-0.5	0.0049
2.805	-0.4	0.0134
2.805	-0.3	0.013
2.805	-0.2	0.0112
2.805	-0.1	0.0106
2.805	0	0.0134
2.805	0.1	0.012
2.805	0.2	0.0133
2.805	0.3	0.0159
2.805	0.4	0.0283
2.805	0.5	0.0558
2.805	0.6	0.1556
2.805	0.7	0.3332
2.805	0.8	0.6412
2.805	0.86	0.6564
2.805	1	0.6564
2.815	-1	0.018
2.815	-0.8	0.018
2.815	-0.7	0.0148
2.815	-0.6	0.0167
2.815	-0.5	0.0078
2.815	-0.3	0.0092
2.815	-0.2	0.0081
2.815	-0.1	0.0072
2.815	0	0.0114
2.815	0.1	0.0129
2.815	0.2	0.0137
2.815	0.3	0.0188
2.815	0.4	0.0304
2.815	0.5	0.064
2.815	0.6	0.1313
2.815	0.7	0.3393
2.815	0.8	0.617
2.815	0.86	0.8791
2.815	1	0.8791
2.825	-1	0.0254
2.825	-0.8	0.0254
2.825	-0.7	0.0171
2.825	-0.6	0.0182
2.825	-0.5	0.0096
2.825	-0.4	0.0088
2.825	-0.3	0.0098
2.825	-0.2	0.0104
2.825	-0.1	0.0075
2.825	0	0.01
2.825	0.1	0.0102
2.825	0.2	0.0115
2.825	0.3	0.0146
2.825	0.4	0.0233
2.825	0.5	0.0567
2.825	0.6	0.1406
2.825	0.7	0.3254
2.825	0.8	0.666
2.825	0.86	0.7636
2.825	1	0.7636
2.835	-1	0.0222
2.835	-0.8	0.0222
2.835	-0.7	0.018
2.835	-0.6	0.0101
2.835	-0.5	0.0068
2.835	-0.4	0.0078
2.835	-0.3	0.0117
2.835	-0.2	0.0071
2.835	-0.1	0.0062
2.835	0	0.0102
2.835	0.1	0.0105
2.835	0.2	0.0162
2.835	0.3	0.012
2.835	0.4	0.0226
2.835	0.5	0.0499
2.835	0.6	0.1308
2.835	0.7	0.2985
2.835	0.8	0.5703
2.835	0.86	0.7373
2.835	1	0.7373
5	-1	0.0222
5	-0.8	0.0222
5	-0.7	0.018
5	-0.6	0.0101
5	-0.5	0.0068
5	-0.4	0.0078
5	-0.3	0.0117
5	-0.2	0.0071
5	-0.1	0.0062
5	0	0.0102
5	0.1	0.0105
5	0.2	0.0162
5	0.3	0.012
5	0.4	0.0226
5	0.5	0.0499
5	0.6	0.1308
5	0.7	0.2985
5	0.8	0.5703
5	0.86	0.7373
5	1	0.7373
