W	Q2	Beam energy	cos(teta)	p0	p1	p2	
GeV	GeV^2	GeV	dimensionless 
1.63	3.45	0	-0.775	0.0372604	0.00582724	-0.000307808	1	0.5
1.63	3.45	0	-0.525	0.025659	-0.000238505	0.00318062	1	0.5
1.63	3.45	0	-0.3	0.0195122	0.00374089	-0.00559924	1	0.5
1.63	3.45	0	-0.1	0.0254529	-0.00192982	0.00402809	1	0.5
1.63	3.45	0	0.1	0.0219127	0.00531211	0.00406978	1	0.5
1.63	3.45	0	0.3	0.0233731	0.00443855	0.000289263	1	0.5
1.63	3.45	0	0.5	0.0259302	-0.00220036	0.00157953	1	0.5
1.63	3.45	0	0.675	0.0247273	-0.000403133	0.00056753	1	0.5
1.63	3.45	0	0.825	0.0343895	0.00117752	0.0117387	1	0.5
1.63	3.45	0	0.95	0.0304258	-0.00346686	0.00305821	1	0.5
1.675	3.45	0	-0.775	0.0270653	0.00407403	-0.00406204	1	0.5
1.675	3.45	0	-0.525	0.0294747	0.00405817	0.0115171	1	0.5
1.675	3.45	0	-0.3	0.0280662	0.00432735	0.00509782	1	0.5
1.675	3.45	0	-0.1	0.0244518	0.00332952	-0.00295112	1	0.5
1.675	3.45	0	0.1	0.0236123	-7.28566e-06	-0.000406418	1	0.5
1.675	3.45	0	0.3	0.0324693	-0.0112074	-0.00510525	1	0.5
1.675	3.45	0	0.5	0.0410623	-0.00564525	0.00176153	1	0.5
1.675	3.45	0	0.675	0.0553512	-0.00676251	0.000375795	1	0.5
1.675	3.45	0	0.825	0.0793954	-0.013949	0.00202362	1	0.5
1.675	3.45	0	0.95	0.097616	0.00654942	-0.00154525	1	0.5
1.725	3.45	0	-0.775	0.0206426	-0.000906636	0.00271156	0.97	0.9
1.725	3.45	0	-0.525	0.0177584	0.00138087	-0.00234518	1.07	0.9
1.725	3.45	0	-0.3	0.0228419	-0.00135525	-0.00523737	1	0.9
1.725	3.45	0	-0.1	0.0271979	0.0021415	-0.00442163	1	0.9
1.725	3.45	0	0.1	0.0363969	0.00141286	-0.00588903	1	0.9
1.725	3.45	0	0.3	0.0503569	-0.00765827	-0.00581387	0.95	0.9
1.725	3.45	0	0.5	0.0557765	0.000400272	-0.0067876	1.09	0.9
1.725	3.45	0	0.675	0.0765038	0.00261741	-0.00246196	1	0.9
1.725	3.45	0	0.825	0.105541	-0.0133598	-0.00548132	1	0.9
1.725	3.45	0	0.95	0.123725	0.00221509	0.0156779	1	0.9
1.775	3.45	0	-0.775	0.00708265	-0.00102901	-0.00436393	1	1
1.775	3.45	0	-0.525	0.0131309	-0.00115475	-0.00730645	1	1
1.775	3.45	0	-0.3	0.0229883	0.00334768	-0.00402065	0.95	1
1.775	3.45	0	-0.1	0.0319183	-9.95493e-06	-0.00707748	0.95	1
1.775	3.45	0	0.1	0.0369641	-0.00313079	-0.010446	1	1
1.775	3.45	0	0.3	0.0466453	-0.00582753	-0.0130565	1	1
1.775	3.45	0	0.5	0.067039	0.00217992	0.000387017	0.85	1
1.775	3.45	0	0.675	0.0691727	0.00342869	-0.00367183	1.05	1
1.775	3.45	0	0.825	0.0907281	0.00158894	0.000356845	1	1
1.775	3.45	0	0.95	0.147245	-0.0336245	-0.0124329	1	1
1.825	3.45	0	-0.775	0.00978387	-0.00374939	0.00016458	1	1
1.825	3.45	0	-0.525	0.0134418	4.93626e-05	-0.00372956	1	1
1.825	3.45	0	-0.3	0.0191942	-4.94517e-07	-0.00726833	1	1
1.825	3.45	0	-0.1	0.0251305	0.00136279	-0.010261	1	1
1.825	3.45	0	0.1	0.0319848	-0.00387958	-0.00686713	1	1
1.825	3.45	0	0.3	0.0475758	0.0036852	-0.00252118	0.87	1
1.825	3.45	0	0.5	0.0561032	-0.0019472	-0.00541051	1	1
1.825	3.45	0	0.675	0.0649934	-0.000950583	0.000838042	1.05	1
1.825	3.45	0	0.825	0.0814813	0.0014973	0.000600874	1.08	1
1.825	3.45	0	0.95	0.12097	-0.00906278	0.0013446	1	1
1.875	3.45	0	-0.775	0.0105678	0.00190702	-0.00153393	1	1
1.875	3.45	0	-0.525	0.0132538	-0.00298378	-0.00286584	1	1
1.875	3.45	0	-0.3	0.0180608	0.00297497	-0.00380667	1	1
1.875	3.45	0	-0.1	0.0210989	0.00422896	-0.000993979	1.05	1
1.875	3.45	0	0.1	0.0311248	-0.00237088	-0.0035897	0.93	1
1.875	3.45	0	0.3	0.0355375	0.000974012	-0.00569665	1.06	1
1.875	3.45	0	0.5	0.0498729	-0.000231393	-0.00773492	0.93	1
1.875	3.45	0	0.675	0.0530145	-0.00264937	-0.0112352	1.1	1
1.875	3.45	0	0.825	0.0753033	0.00884082	-0.00296473	1	1
1.875	3.45	0	0.95	0.115977	-0.00635412	-0.00781133	1	1
1.925	3.45	0	-0.775	0.00746325	-0.00146545	-0.000637792	1	1
1.925	3.45	0	-0.525	0.00944937	-0.00319367	-0.00277728	1	1
1.925	3.45	0	-0.3	0.0107839	0.00110169	-0.00250101	1	1
1.925	3.45	0	-0.1	0.015014	0.000842081	-0.00401155	1	1
1.925	3.45	0	0.1	0.0176278	-0.00385783	-0.00944724	1.2	1
1.925	3.45	0	0.3	0.0317049	0.00152528	-0.000463434	1	1
1.925	3.45	0	0.5	0.0409613	0.00433548	-0.00394186	1	1
1.925	3.45	0	0.675	0.0561838	-0.00304805	-0.00108951	1	1
1.925	3.45	0	0.825	0.0788369	-0.00127805	-0.0076323	1	1
1.925	3.45	0	0.95	0.111654	-0.00875333	0.0122925	1	1
1.975	3.45	0	-0.775	0.00711122	-0.000599801	0.00152255	1	1
1.975	3.45	0	-0.525	0.00533586	-0.0007264	0.00104903	1	1
1.975	3.45	0	-0.3	0.00565865	0.000361939	-0.000619099	1	1
1.975	3.45	0	-0.1	0.00828101	-0.000337273	-0.0048303	1	1
1.975	3.45	0	0.1	0.0143994	-0.0011307	-0.00483967	1	1
1.975	3.45	0	0.3	0.0269966	0.00137943	-0.00100058	0.9	1
1.975	3.45	0	0.5	0.0417326	0.00119022	-0.00128381	0.95	1
1.975	3.45	0	0.675	0.0486351	0.00015928	-0.00952241	1.05	1
1.975	3.45	0	0.825	0.0655224	0.000809081	-0.00144029	1	1
1.975	3.45	0	0.95	0.10769	0.00357842	0.0143851	1	1
2.025	3.45	0	-0.775	0.00161676	-0.000585517	-0.000636219	1	1
2.025	3.45	0	-0.525	0.00192665	-0.00100627	0.000264366	1	1
2.025	3.45	0	-0.3	0.00411767	0.000215415	0.000176624	1	1
2.025	3.45	0	-0.1	0.00859903	0.000776101	-0.00478284	1	1
2.025	3.45	0	0.1	0.0149182	-0.000213505	-0.00358094	1	1
2.025	3.45	0	0.3	0.0250624	0.000994005	-0.00166832	1	1
2.025	3.45	0	0.5	0.0348002	-0.0020901	-0.00484546	1	1
2.025	3.45	0	0.675	0.0448172	-0.00781727	-0.0133309	1	1
2.025	3.45	0	0.825	0.0588268	-0.00553471	-0.00367233	1	1
2.025	3.45	0	0.95	0.104249	-0.00802039	0.00466346	1	1
2.075	3.45	0	-0.775	0.000924735	-0.000437565	0.000318793	1	1
2.075	3.45	0	-0.525	0.00106984	-0.000272704	0.000168481	1	1
2.075	3.45	0	-0.3	0.00394746	0.000265284	-0.00251614	1	1
2.075	3.45	0	-0.1	0.0078736	0.000966177	-0.00425325	1	1
2.075	3.45	0	0.1	0.0112371	-0.000467245	-0.00391894	1	1
2.075	3.45	0	0.3	0.0158769	-0.00365826	-0.00529031	1	1
2.075	3.45	0	0.5	0.0288712	0.000765067	-0.00277864	0.85	1
2.075	3.45	0	0.675	0.0343343	-0.00414883	-0.00973014	1.05	1
2.075	3.45	0	0.825	0.0553784	-0.00453133	-0.00762452	1	1
2.075	3.45	0	0.95	0.0949716	-0.0153528	-0.00281065	1	1
2.125	3.45	0	-0.775	0.00042695	8.32757e-06	0.000254499	1	1
2.125	3.45	0	-0.525	0.00120259	-0.000705925	-0.000464361	1	1
2.125	3.45	0	-0.3	0.00333718	0.000189967	-0.00222252	1	1
2.125	3.45	0	-0.1	0.00483182	0.000514622	-0.00249782	1	1
2.125	3.45	0	0.1	0.00914024	-0.00038102	-0.00172755	1	1
2.125	3.45	0	0.3	0.0142351	0.00153543	-0.000359754	1	1
2.125	3.45	0	0.5	0.0209029	-0.00186052	-0.0072654	1	1
2.125	3.45	0	0.675	0.0325506	-0.00487659	-0.00688691	1	1
2.125	3.45	0	0.825	0.046172	-0.0057888	-0.0142266	1	1
2.125	3.45	0	0.95	0.0976941	-0.0104782	0.00196448	1	1
2.175	3.45	0	-0.775	0.000154068	-6.94198e-05	9.61254e-05	1	1
2.175	3.45	0	-0.525	0.000641691	-0.00019693	0.000198552	1	1
2.175	3.45	0	-0.3	0.00315642	0.00191248	-0.00114661	1	1
2.175	3.45	0	-0.1	0.00312694	6.25903e-05	-0.00059708	1	1
2.175	3.45	0	0.1	0.00583858	-0.000495874	-0.00133962	1	1
2.175	3.45	0	0.3	0.0107119	-0.00097514	-0.00360185	1	1
2.175	3.45	0	0.5	0.0189786	-0.0016072	-0.00394168	1	1
2.175	3.45	0	0.675	0.0316888	-0.00837056	-0.0106268	1	1
2.175	3.45	0	0.825	0.0432067	-0.00549452	-0.0144055	1.15	1
2.175	3.45	0	0.95	0.0940107	-0.0178299	-0.00576259	1	1
