1.713	-1	0.278
1.713	-0.4	0.278
1.713	-0.3	0.318
1.713	-0.2	0.221
1.713	-0.1	0.353
1.713	0	0.265
1.713	0.1	0.318
1.713	0.2	0.317
1.713	0.3	0.4
1.713	0.4	0.268
1.713	0.5	0.367
1.713	0.6	0.397
1.713	0.7	0.273
1.713	0.8	0.241
1.713	1	0.241
1.727	-1	0.161
1.727	-0.4	0.161
1.727	-0.3	0.371
1.727	-0.2	0.324
1.727	-0.1	0.214
1.727	0	0.502
1.727	0.1	0.329
1.727	0.2	0.407
1.727	0.3	0.48
1.727	0.4	0.407
1.727	0.5	0.517
1.727	0.6	0.445
1.727	0.7	0.415
1.727	0.8	0.416
1.727	1	0.416
1.74	-1	0.404
1.74	-0.5	0.404
1.74	-0.4	0.492
1.74	-0.3	0.453
1.74	-0.2	0.525
1.74	-0.1	0.406
1.74	0	0.521
1.74	0.1	0.438
1.74	0.2	0.467
1.74	0.3	0.579
1.74	0.4	0.674
1.74	0.5	0.616
1.74	0.6	0.592
1.74	0.7	0.501
1.74	0.8	0.591
1.74	1	0.591
1.753	-1	0.411
1.753	-0.5	0.411
1.753	-0.4	0.542
1.753	-0.3	0.475
1.753	-0.2	0.454
1.753	-0.1	0.42
1.753	0	0.591
1.753	0.1	0.527
1.753	0.2	0.622
1.753	0.3	0.528
1.753	0.4	0.765
1.753	0.5	0.776
1.753	0.6	0.552
1.753	0.7	0.582
1.753	0.8	0.849
1.753	0.9	0.564
1.753	1	0.564
1.767	-1	0.471
1.767	-0.6	0.471
1.767	-0.5	0.508
1.767	-0.4	0.633
1.767	-0.3	0.477
1.767	-0.2	0.434
1.767	-0.1	0.514
1.767	0	0.587
1.767	0.1	0.674
1.767	0.2	0.746
1.767	0.3	0.868
1.767	0.4	0.782
1.767	0.5	0.955
1.767	0.6	0.822
1.767	0.7	0.747
1.767	0.8	0.791
1.767	0.9	0.605
1.767	1	0.605
1.78	-1	0.563
1.78	-0.6	0.563
1.78	-0.5	0.461
1.78	-0.4	0.505
1.78	-0.3	0.564
1.78	-0.2	0.617
1.78	-0.1	0.779
1.78	0	0.692
1.78	0.1	0.761
1.78	0.2	0.869
1.78	0.3	1.005
1.78	0.4	0.942
1.78	0.5	0.923
1.78	0.6	0.889
1.78	0.7	1.009
1.78	0.8	0.809
1.78	0.9	0.609
1.78	1	0.609
1.793	-1	0.307
1.793	-0.6	0.307
1.793	-0.5	0.549
1.793	-0.4	0.625
1.793	-0.3	0.758
1.793	-0.2	0.857
1.793	-0.1	0.871
1.793	0	0.82
1.793	0.1	0.979
1.793	0.2	1.131
1.793	0.3	1.14
1.793	0.4	1.188
1.793	0.5	1.003
1.793	0.6	0.952
1.793	0.7	0.986
1.793	0.8	0.954
1.793	0.9	0.714
1.793	1	0.714
1.806	-1	0.417
1.806	-0.6	0.417
1.806	-0.5	0.629
1.806	-0.4	0.813
1.806	-0.3	0.737
1.806	-0.2	0.939
1.806	-0.1	1.06
1.806	0	1.058
1.806	0.1	1.194
1.806	0.2	1.226
1.806	0.3	1.156
1.806	0.4	1.137
1.806	0.5	1.103
1.806	0.6	1.133
1.806	0.7	1.057
1.806	0.8	0.906
1.806	0.9	0.843
1.806	1	0.843
1.819	-1	0.386
1.819	-0.6	0.386
1.819	-0.5	0.621
1.819	-0.4	0.765
1.819	-0.3	0.901
1.819	-0.2	1.024
1.819	-0.1	1.203
1.819	0	1.178
1.819	0.1	1.312
1.819	0.2	1.471
1.819	0.3	1.442
1.819	0.4	1.5
1.819	0.5	1.174
1.819	0.6	1.448
1.819	0.7	1.127
1.819	0.8	1.124
1.819	0.9	0.986
1.819	1	0.986
1.832	-1	0.409
1.832	-0.7	0.409
1.832	-0.6	0.462
1.832	-0.5	0.667
1.832	-0.4	1
1.832	-0.3	1.135
1.832	-0.2	1.203
1.832	-0.1	1.473
1.832	0	1.544
1.832	0.1	1.406
1.832	0.2	1.474
1.832	0.3	1.746
1.832	0.4	1.482
1.832	0.5	1.569
1.832	0.6	1.321
1.832	0.7	1.353
1.832	0.8	1.142
1.832	0.9	1.185
1.832	1	1.185
1.845	-1	0.551
1.845	-0.7	0.551
1.845	-0.6	0.459
1.845	-0.5	0.682
1.845	-0.4	0.826
1.845	-0.3	0.995
1.845	-0.2	1.27
1.845	-0.1	1.485
1.845	0	1.437
1.845	0.1	1.564
1.845	0.2	1.607
1.845	0.3	1.583
1.845	0.4	1.651
1.845	0.5	1.631
1.845	0.6	1.62
1.845	0.7	1.366
1.845	0.8	1.017
1.845	0.9	1.051
1.845	1	1.051
1.858	-1	0.663
1.858	-0.7	0.663
1.858	-0.6	0.566
1.858	-0.5	0.836
1.858	-0.4	0.917
1.858	-0.3	1.203
1.858	-0.2	1.361
1.858	-0.1	1.591
1.858	0	1.711
1.858	0.1	1.733
1.858	0.2	1.947
1.858	0.3	1.858
1.858	0.4	1.736
1.858	0.5	1.847
1.858	0.6	1.741
1.858	0.7	1.491
1.858	0.8	1.282
1.858	0.9	1.007
1.858	1	1.007
1.87	-1	0.387
1.87	-0.7	0.387
1.87	-0.6	0.474
1.87	-0.5	0.665
1.87	-0.4	0.983
1.87	-0.3	1.097
1.87	-0.2	1.371
1.87	-0.1	1.647
1.87	0	1.68
1.87	0.1	1.739
1.87	0.2	1.773
1.87	0.3	1.823
1.87	0.4	1.789
1.87	0.5	1.829
1.87	0.6	1.669
1.87	0.7	1.519
1.87	0.8	1.468
1.87	0.9	1.053
1.87	1	1.053
1.883	-1	0.418
1.883	-0.7	0.418
1.883	-0.6	0.466
1.883	-0.5	0.796
1.883	-0.4	0.888
1.883	-0.3	1.13
1.883	-0.2	1.546
1.883	-0.1	1.761
1.883	0	1.938
1.883	0.1	1.651
1.883	0.2	2.096
1.883	0.3	1.961
1.883	0.4	1.729
1.883	0.5	1.996
1.883	0.6	1.626
1.883	0.7	1.498
1.883	0.8	1.435
1.883	0.9	1.437
1.883	1	1.437
1.896	-1	0.523
1.896	-0.7	0.523
1.896	-0.6	0.39
1.896	-0.5	0.645
1.896	-0.4	0.949
1.896	-0.3	1.204
1.896	-0.2	1.386
1.896	-0.1	1.502
1.896	0	1.71
1.896	0.1	1.747
1.896	0.2	1.77
1.896	0.3	1.833
1.896	0.4	1.763
1.896	0.5	1.859
1.896	0.6	1.484
1.896	0.7	1.475
1.896	0.8	1.298
1.896	0.9	1.229
1.896	1	1.229
1.908	-1	0.344
1.908	-0.7	0.344
1.908	-0.6	0.506
1.908	-0.5	0.562
1.908	-0.4	0.802
1.908	-0.3	1.102
1.908	-0.2	1.459
1.908	-0.1	1.533
1.908	0	1.493
1.908	0.1	1.638
1.908	0.2	1.736
1.908	0.3	1.785
1.908	0.4	1.574
1.908	0.5	1.584
1.908	0.6	1.452
1.908	0.7	1.382
1.908	0.8	1.265
1.908	0.9	0.964
1.908	1	0.964
1.92	-1	0.225
1.92	-0.8	0.225
1.92	-0.7	0.371
1.92	-0.6	0.442
1.92	-0.5	0.568
1.92	-0.4	0.811
1.92	-0.3	1.058
1.92	-0.2	1.196
1.92	-0.1	1.401
1.92	0	1.377
1.92	0.1	1.582
1.92	0.2	1.705
1.92	0.3	1.698
1.92	0.4	1.582
1.92	0.5	1.557
1.92	0.6	1.47
1.92	0.7	1.138
1.92	0.8	1.265
1.92	0.9	0.997
1.92	1	0.997
1.933	-1	0.263
1.933	-0.8	0.263
1.933	-0.7	0.223
1.933	-0.6	0.365
1.933	-0.5	0.507
1.933	-0.4	0.751
1.933	-0.3	0.953
1.933	-0.2	1.158
1.933	-0.1	1.34
1.933	0	1.514
1.933	0.1	1.521
1.933	0.2	1.649
1.933	0.3	1.543
1.933	0.4	1.525
1.933	0.5	1.437
1.933	0.6	1.381
1.933	0.7	1.211
1.933	0.8	1.361
1.933	0.9	1.199
1.933	1	1.199
1.945	-1	0.332
1.945	-0.8	0.332
1.945	-0.7	0.192
1.945	-0.6	0.274
1.945	-0.5	0.379
1.945	-0.4	0.593
1.945	-0.3	0.877
1.945	-0.2	1.125
1.945	-0.1	1.093
1.945	0	1.367
1.945	0.1	1.383
1.945	0.2	1.624
1.945	0.3	1.48
1.945	0.4	1.405
1.945	0.5	1.319
1.945	0.6	1.408
1.945	0.7	1.288
1.945	0.8	1.271
1.945	0.9	1.055
1.945	1	1.055
1.957	-1	0.207
1.957	-0.8	0.207
1.957	-0.7	0.202
1.957	-0.6	0.272
1.957	-0.5	0.324
1.957	-0.4	0.569
1.957	-0.3	0.72
1.957	-0.2	0.982
1.957	-0.1	1.111
1.957	0	1.232
1.957	0.1	1.364
1.957	0.2	1.366
1.957	0.3	1.553
1.957	0.4	1.4
1.957	0.5	1.372
1.957	0.6	1.289
1.957	0.7	1.303
1.957	0.8	1.339
1.957	0.9	0.995
1.957	1	0.995
1.969	-1	0.155
1.969	-0.8	0.155
1.969	-0.7	0.139
1.969	-0.6	0.178
1.969	-0.5	0.256
1.969	-0.4	0.473
1.969	-0.3	0.713
1.969	-0.2	0.846
1.969	-0.1	1.044
1.969	0	1.035
1.969	0.1	1.212
1.969	0.2	1.26
1.969	0.3	1.31
1.969	0.4	1.212
1.969	0.5	1.22
1.969	0.6	1.302
1.969	0.7	1.309
1.969	0.8	1.26
1.969	0.9	1.076
1.969	1	1.076
1.981	-1	0.23
1.981	-0.8	0.23
1.981	-0.7	0.219
1.981	-0.6	0.188
1.981	-0.5	0.291
1.981	-0.4	0.433
1.981	-0.3	0.601
1.981	-0.2	0.789
1.981	-0.1	0.924
1.981	0	0.971
1.981	0.1	1.13
1.981	0.2	1.263
1.981	0.3	1.368
1.981	0.4	1.324
1.981	0.5	1.237
1.981	0.6	1.169
1.981	0.7	1.224
1.981	0.8	1.085
1.981	0.9	1.09
1.981	1	1.09
1.993	-1	0.133
1.993	-0.8	0.133
1.993	-0.7	0.189
1.993	-0.6	0.193
1.993	-0.5	0.204
1.993	-0.4	0.401
1.993	-0.3	0.51
1.993	-0.2	0.756
1.993	-0.1	1.011
1.993	0	1.013
1.993	0.1	0.995
1.993	0.2	1.038
1.993	0.3	1.233
1.993	0.4	1.188
1.993	0.5	1.148
1.993	0.6	1.274
1.993	0.7	1.218
1.993	0.8	1.309
1.993	0.9	1.211
1.993	1	1.211
2.005	-1	0.241
2.005	-0.8	0.241
2.005	-0.7	0.157
2.005	-0.6	0.178
2.005	-0.5	0.202
2.005	-0.4	0.397
2.005	-0.3	0.504
2.005	-0.2	0.655
2.005	-0.1	0.806
2.005	0	0.941
2.005	0.1	0.987
2.005	0.2	1.146
2.005	0.3	1.056
2.005	0.4	1.182
2.005	0.5	1.252
2.005	0.6	1.169
2.005	0.7	1.304
2.005	0.8	1.302
2.005	0.9	1.162
2.005	1	1.162
2.016	-1	0.148
2.016	-0.8	0.148
2.016	-0.7	0.13
2.016	-0.6	0.193
2.016	-0.5	0.189
2.016	-0.4	0.33
2.016	-0.3	0.439
2.016	-0.2	0.628
2.016	-0.1	0.79
2.016	0	0.872
2.016	0.1	0.981
2.016	0.2	1.063
2.016	0.3	1.075
2.016	0.4	1.12
2.016	0.5	1.214
2.016	0.6	1.187
2.016	0.7	1.364
2.016	0.8	1.229
2.016	0.9	1.135
2.016	1	1.135
2.028	-1	0.196
2.028	-0.8	0.196
2.028	-0.7	0.201
2.028	-0.6	0.15
2.028	-0.5	0.21
2.028	-0.4	0.345
2.028	-0.3	0.317
2.028	-0.2	0.571
2.028	-0.1	0.642
2.028	0	0.801
2.028	0.1	0.824
2.028	0.2	0.996
2.028	0.3	1.155
2.028	0.4	1.108
2.028	0.5	1.18
2.028	0.6	1.233
2.028	0.7	1.421
2.028	0.8	1.384
2.028	0.9	1.115
2.028	1	1.115
2.04	-1	0.3
2.04	-0.8	0.3
2.04	-0.7	0.208
2.04	-0.6	0.13
2.04	-0.5	0.193
2.04	-0.4	0.251
2.04	-0.3	0.383
2.04	-0.2	0.549
2.04	-0.1	0.738
2.04	0	0.776
2.04	0.1	0.834
2.04	0.2	0.923
2.04	0.3	1.061
2.04	0.4	1.181
2.04	0.5	1.192
2.04	0.6	1.223
2.04	0.7	1.424
2.04	0.8	1.394
2.04	0.9	1.289
2.04	1	1.289
2.052	-1	0.236
2.052	-0.8	0.236
2.052	-0.7	0.224
2.052	-0.6	0.133
2.052	-0.5	0.166
2.052	-0.4	0.253
2.052	-0.3	0.346
2.052	-0.2	0.494
2.052	-0.1	0.657
2.052	0	0.671
2.052	0.1	0.83
2.052	0.2	0.905
2.052	0.3	1.02
2.052	0.4	1.026
2.052	0.5	1.193
2.052	0.6	1.281
2.052	0.7	1.329
2.052	0.8	1.37
2.052	0.9	1.257
2.052	1	1.257
2.063	-1	0.208
2.063	-0.8	0.208
2.063	-0.7	0.222
2.063	-0.6	0.139
2.063	-0.5	0.158
2.063	-0.4	0.243
2.063	-0.3	0.299
2.063	-0.2	0.527
2.063	-0.1	0.574
2.063	0	0.708
2.063	0.1	0.782
2.063	0.2	0.909
2.063	0.3	0.916
2.063	0.4	1.031
2.063	0.5	1.094
2.063	0.6	1.139
2.063	0.7	1.36
2.063	0.8	1.411
2.063	0.9	1.231
2.063	1	1.231
2.075	-1	0.29
2.075	-0.8	0.29
2.075	-0.7	0.258
2.075	-0.6	0.164
2.075	-0.5	0.172
2.075	-0.4	0.238
2.075	-0.3	0.289
2.075	-0.2	0.475
2.075	-0.1	0.512
2.075	0	0.575
2.075	0.1	0.765
2.075	0.2	0.818
2.075	0.3	0.946
2.075	0.4	1.022
2.075	0.5	1.168
2.075	0.6	1.126
2.075	0.7	1.216
2.075	0.8	1.441
2.075	0.9	1.326
2.075	1	1.326
2.086	-1	0.214
2.086	-0.8	0.214
2.086	-0.7	0.284
2.086	-0.6	0.216
2.086	-0.5	0.167
2.086	-0.4	0.219
2.086	-0.3	0.301
2.086	-0.2	0.404
2.086	-0.1	0.435
2.086	0	0.578
2.086	0.1	0.683
2.086	0.2	0.779
2.086	0.3	0.871
2.086	0.4	1.033
2.086	0.5	1.05
2.086	0.6	1.2
2.086	0.7	1.215
2.086	0.8	1.32
2.086	0.9	1.077
2.086	1	1.077
2.097	-1	0.365
2.097	-0.8	0.365
2.097	-0.7	0.261
2.097	-0.6	0.169
2.097	-0.5	0.189
2.097	-0.4	0.213
2.097	-0.3	0.276
2.097	-0.2	0.323
2.097	-0.1	0.431
2.097	0	0.593
2.097	0.1	0.651
2.097	0.2	0.762
2.097	0.3	0.856
2.097	0.4	1.038
2.097	0.5	1.163
2.097	0.6	1.25
2.097	0.7	1.48
2.097	0.8	1.319
2.097	0.9	1.171
2.097	1	1.171
2.108	-1	0.31
2.108	-0.8	0.31
2.108	-0.7	0.254
2.108	-0.6	0.129
2.108	-0.5	0.121
2.108	-0.4	0.17
2.108	-0.3	0.248
2.108	-0.2	0.347
2.108	-0.1	0.417
2.108	0	0.519
2.108	0.1	0.601
2.108	0.2	0.808
2.108	0.3	0.812
2.108	0.4	0.992
2.108	0.5	1.035
2.108	0.6	1.264
2.108	0.7	1.22
2.108	0.8	1.209
2.108	0.9	0.988
2.108	1	0.988
2.12	-1	0.368
2.12	-0.8	0.368
2.12	-0.7	0.277
2.12	-0.6	0.167
2.12	-0.5	0.114
2.12	-0.4	0.179
2.12	-0.3	0.252
2.12	-0.2	0.312
2.12	-0.1	0.464
2.12	0	0.5
2.12	0.1	0.623
2.12	0.2	0.708
2.12	0.3	0.807
2.12	0.4	0.884
2.12	0.5	1.002
2.12	0.6	1.2
2.12	0.7	1.171
2.12	0.8	1.272
2.12	0.9	1.093
2.12	1	1.093
2.131	-1	0.318
2.131	-0.8	0.318
2.131	-0.7	0.2
2.131	-0.6	0.187
2.131	-0.5	0.138
2.131	-0.4	0.158
2.131	-0.3	0.241
2.131	-0.2	0.258
2.131	-0.1	0.418
2.131	0	0.52
2.131	0.1	0.589
2.131	0.2	0.645
2.131	0.3	0.759
2.131	0.4	0.857
2.131	0.5	1.015
2.131	0.6	1.149
2.131	0.7	1.286
2.131	0.8	1.329
2.131	0.9	0.931
2.131	1	0.931
2.142	-1	0.372
2.142	-0.8	0.372
2.142	-0.7	0.233
2.142	-0.6	0.206
2.142	-0.5	0.178
2.142	-0.4	0.168
2.142	-0.3	0.201
2.142	-0.2	0.3
2.142	-0.1	0.319
2.142	0	0.431
2.142	0.1	0.525
2.142	0.2	0.645
2.142	0.3	0.764
2.142	0.4	0.764
2.142	0.5	0.977
2.142	0.6	1.075
2.142	0.7	1.287
2.142	0.8	1.092
2.142	0.9	0.839
2.142	1	0.839
2.153	-1	0.292
2.153	-0.8	0.292
2.153	-0.7	0.274
2.153	-0.6	0.241
2.153	-0.5	0.112
2.153	-0.4	0.142
2.153	-0.3	0.196
2.153	-0.2	0.283
2.153	-0.1	0.341
2.153	0	0.389
2.153	0.1	0.556
2.153	0.2	0.601
2.153	0.3	0.719
2.153	0.4	0.766
2.153	0.5	0.845
2.153	0.6	1.104
2.153	0.7	1.211
2.153	0.8	1.059
2.153	0.9	0.932
2.153	1	0.932
2.164	-1	0.428
2.164	-0.8	0.428
2.164	-0.7	0.367
2.164	-0.6	0.198
2.164	-0.5	0.133
2.164	-0.4	0.164
2.164	-0.3	0.176
2.164	-0.2	0.26
2.164	-0.1	0.34
2.164	0	0.417
2.164	0.1	0.425
2.164	0.2	0.574
2.164	0.3	0.629
2.164	0.4	0.771
2.164	0.5	0.843
2.164	0.6	1.159
2.164	0.7	1.224
2.164	0.8	1.065
2.164	0.9	1.025
2.164	1	1.025
2.175	-1	0.4
2.175	-0.8	0.4
2.175	-0.7	0.307
2.175	-0.6	0.225
2.175	-0.5	0.136
2.175	-0.4	0.14
2.175	-0.3	0.141
2.175	-0.2	0.232
2.175	-0.1	0.283
2.175	0	0.338
2.175	0.1	0.461
2.175	0.2	0.536
2.175	0.3	0.593
2.175	0.4	0.864
2.175	0.5	0.848
2.175	0.6	1.062
2.175	0.7	1.228
2.175	0.8	1.077
2.175	0.9	0.937
2.175	1	0.937
2.185	-1	0.345
2.185	-0.8	0.345
2.185	-0.7	0.304
2.185	-0.6	0.186
2.185	-0.5	0.118
2.185	-0.4	0.1
2.185	-0.3	0.145
2.185	-0.2	0.209
2.185	-0.1	0.229
2.185	0	0.304
2.185	0.1	0.44
2.185	0.2	0.517
2.185	0.3	0.61
2.185	0.4	0.672
2.185	0.5	0.875
2.185	0.6	1.032
2.185	0.7	1.235
2.185	0.8	1.066
2.185	0.9	0.938
2.185	1	0.938
2.196	-1	0.364
2.196	-0.8	0.364
2.196	-0.7	0.333
2.196	-0.6	0.205
2.196	-0.5	0.152
2.196	-0.4	0.137
2.196	-0.3	0.174
2.196	-0.2	0.167
2.196	-0.1	0.23
2.196	0	0.292
2.196	0.1	0.454
2.196	0.2	0.496
2.196	0.3	0.591
2.196	0.4	0.653
2.196	0.5	0.897
2.196	0.6	1.022
2.196	0.7	1.152
2.196	0.8	1.068
2.196	0.9	0.841
2.196	1	0.841
2.207	-1	0.272
2.207	-0.8	0.272
2.207	-0.7	0.323
2.207	-0.6	0.227
2.207	-0.5	0.199
2.207	-0.4	0.136
2.207	-0.3	0.136
2.207	-0.2	0.213
2.207	-0.1	0.227
2.207	0	0.255
2.207	0.1	0.376
2.207	0.2	0.483
2.207	0.3	0.548
2.207	0.4	0.69
2.207	0.5	0.823
2.207	0.6	1.012
2.207	0.7	1.09
2.207	0.8	1.115
2.207	0.9	1.272
2.207	1	1.272
2.217	-1	0.38
2.217	-0.8	0.38
2.217	-0.7	0.302
2.217	-0.6	0.214
2.217	-0.5	0.149
2.217	-0.4	0.123
2.217	-0.3	0.119
2.217	-0.2	0.169
2.217	-0.1	0.226
2.217	0	0.259
2.217	0.1	0.292
2.217	0.2	0.401
2.217	0.3	0.501
2.217	0.4	0.563
2.217	0.5	0.77
2.217	0.6	0.965
2.217	0.7	1.167
2.217	0.8	1
2.217	0.9	0.969
2.217	1	0.969
2.228	-1	0.419
2.228	-0.8	0.419
2.228	-0.7	0.337
2.228	-0.6	0.24
2.228	-0.5	0.232
2.228	-0.4	0.168
2.228	-0.3	0.162
2.228	-0.2	0.231
2.228	-0.1	0.214
2.228	0	0.305
2.228	0.1	0.318
2.228	0.2	0.412
2.228	0.3	0.515
2.228	0.4	0.61
2.228	0.5	0.789
2.228	0.6	1.069
2.228	0.7	1.066
2.228	0.8	1.085
2.228	0.9	1.259
2.228	1	1.259
2.239	-1	0.388
2.239	-0.8	0.388
2.239	-0.7	0.317
2.239	-0.6	0.246
2.239	-0.5	0.163
2.239	-0.4	0.129
2.239	-0.3	0.148
2.239	-0.2	0.171
2.239	-0.1	0.203
2.239	0	0.261
2.239	0.1	0.316
2.239	0.2	0.4
2.239	0.3	0.461
2.239	0.4	0.617
2.239	0.5	0.735
2.239	0.6	1.059
2.239	0.7	0.982
2.239	0.8	1.021
2.239	0.9	0.88
2.239	1	0.88
2.249	-1	0.321
2.249	-0.8	0.321
2.249	-0.7	0.317
2.249	-0.6	0.198
2.249	-0.5	0.159
2.249	-0.4	0.121
2.249	-0.3	0.121
2.249	-0.2	0.111
2.249	-0.1	0.177
2.249	0	0.25
2.249	0.1	0.26
2.249	0.2	0.35
2.249	0.3	0.441
2.249	0.4	0.58
2.249	0.5	0.761
2.249	0.6	0.878
2.249	0.7	1.079
2.249	0.8	0.943
2.249	0.9	1.178
2.249	1	1.178
2.26	-1	0.307
2.26	-0.8	0.307
2.26	-0.7	0.346
2.26	-0.6	0.223
2.26	-0.5	0.165
2.26	-0.4	0.133
2.26	-0.3	0.131
2.26	-0.2	0.134
2.26	-0.1	0.208
2.26	0	0.252
2.26	0.1	0.222
2.26	0.2	0.345
2.26	0.3	0.413
2.26	0.4	0.597
2.26	0.5	0.671
2.26	0.6	0.888
2.26	0.7	0.957
2.26	0.8	1.131
2.26	0.9	0.844
2.26	1	0.844
2.27	-1	0.36
2.27	-0.8	0.36
2.27	-0.7	0.278
2.27	-0.6	0.245
2.27	-0.5	0.234
2.27	-0.4	0.093
2.27	-0.3	0.117
2.27	-0.2	0.104
2.27	-0.1	0.14
2.27	0	0.212
2.27	0.1	0.23
2.27	0.2	0.28
2.27	0.3	0.386
2.27	0.4	0.524
2.27	0.5	0.66
2.27	0.6	0.836
2.27	0.7	0.988
2.27	0.8	0.97
2.27	0.9	0.876
2.27	1	0.876
2.281	-1	0.326
2.281	-0.8	0.326
2.281	-0.7	0.313
2.281	-0.6	0.262
2.281	-0.5	0.164
2.281	-0.4	0.093
2.281	-0.3	0.107
2.281	-0.2	0.146
2.281	-0.1	0.126
2.281	0	0.14
2.281	0.1	0.21
2.281	0.2	0.256
2.281	0.3	0.366
2.281	0.4	0.489
2.281	0.5	0.669
2.281	0.6	0.848
2.281	0.7	1.126
2.281	0.8	1.04
2.281	0.9	1.196
2.281	1	1.196
2.291	-1	0.393
2.291	-0.8	0.393
2.291	-0.7	0.24
2.291	-0.6	0.266
2.291	-0.5	0.137
2.291	-0.4	0.122
2.291	-0.3	0.099
2.291	-0.2	0.094
2.291	-0.1	0.135
2.291	0	0.183
2.291	0.1	0.158
2.291	0.2	0.254
2.291	0.3	0.331
2.291	0.4	0.49
2.291	0.5	0.682
2.291	0.6	0.736
2.291	0.7	1.053
2.291	0.8	1.016
2.291	0.9	0.733
2.291	1	0.733
2.301	-1	0.362
2.301	-0.8	0.362
2.301	-0.7	0.238
2.301	-0.6	0.213
2.301	-0.5	0.189
2.301	-0.4	0.102
2.301	-0.3	0.104
2.301	-0.2	0.108
2.301	-0.1	0.182
2.301	0	0.134
2.301	0.1	0.181
2.301	0.2	0.239
2.301	0.3	0.343
2.301	0.4	0.459
2.301	0.5	0.564
2.301	0.6	0.812
2.301	0.7	0.987
2.301	0.8	1.242
2.301	0.9	0.947
2.301	1	0.947
2.343	-1	0.278
2.343	-0.8	0.278
2.343	-0.7	0.292
2.343	-0.6	0.222
2.343	-0.5	0.166
2.343	-0.4	0.093
2.343	-0.3	0.063
2.343	-0.2	0.092
2.343	-0.1	0.051
2.343	0	0.11
2.343	0.1	0.155
2.343	0.2	0.138
2.343	0.3	0.266
2.343	0.4	0.393
2.343	0.5	0.546
2.343	0.6	0.803
2.343	0.7	0.842
2.343	0.8	1.14
2.343	0.9	1.294
2.343	1	1.294
2.353	-1	0.154
2.353	-0.8	0.154
2.353	-0.7	0.286
2.353	-0.6	0.141
2.353	-0.5	0.132
2.353	-0.4	0.1
2.353	-0.3	0.088
2.353	-0.2	0.078
2.353	-0.1	0.076
2.353	0	0.062
2.353	0.1	0.117
2.353	0.2	0.176
2.353	0.3	0.161
2.353	0.4	0.41
2.353	0.5	0.612
2.353	0.6	0.783
2.353	0.7	0.819
2.353	0.8	0.971
2.353	0.9	1.044
2.353	1	1.044
2.363	-1	0.229
2.363	-0.8	0.229
2.363	-0.7	0.257
2.363	-0.6	0.205
2.363	-0.5	0.154
2.363	-0.4	0.116
2.363	-0.3	0.116
2.363	-0.2	0.066
2.363	-0.1	0.077
2.363	0	0.086
2.363	0.1	0.135
2.363	0.2	0.18
2.363	0.3	0.189
2.363	0.4	0.315
2.363	0.5	0.496
2.363	0.6	0.653
2.363	0.7	0.916
2.363	0.8	1.074
2.363	0.9	1.068
2.363	1	1.068
2.372	-1	0.235
2.372	-0.8	0.235
2.372	-0.7	0.221
2.372	-0.6	0.197
2.372	-0.5	0.138
2.372	-0.4	0.086
2.372	-0.3	0.086
2.372	-0.2	0.077
2.372	-0.1	0.049
2.372	0	0.075
2.372	0.1	0.106
2.372	0.2	0.153
2.372	0.3	0.25
2.372	0.4	0.326
2.372	0.5	0.5
2.372	0.6	0.682
2.372	0.7	0.888
2.372	0.8	1.12
2.372	0.9	1.1
2.372	1	1.1
2.382	-1	0.263
2.382	-0.8	0.263
2.382	-0.7	0.261
2.382	-0.6	0.19
2.382	-0.5	0.134
2.382	-0.4	0.064
2.382	-0.3	0.03
2.382	-0.2	0.035
2.382	-0.1	0.043
2.382	0	0.046
2.382	0.1	0.09
2.382	0.2	0.113
2.382	0.3	0.188
2.382	0.4	0.299
2.382	0.5	0.405
2.382	0.6	0.638
2.382	0.7	0.857
2.382	0.8	1.087
2.382	0.9	0.955
2.382	1	0.955
2.392	-1	0.159
2.392	-0.8	0.159
2.392	-0.7	0.2
2.392	-0.6	0.252
2.392	-0.5	0.123
2.392	-0.4	0.102
2.392	-0.3	0.036
2.392	-0.2	0.046
2.392	-0.1	0.096
2.392	0	0.051
2.392	0.1	0.056
2.392	0.2	0.141
2.392	0.3	0.184
2.392	0.4	0.26
2.392	0.5	0.491
2.392	0.6	0.668
2.392	0.7	0.773
2.392	0.8	1.117
2.392	0.9	0.925
2.392	1	0.925
2.402	-1	0.189
2.402	-0.8	0.189
2.402	-0.7	0.184
2.402	-0.6	0.16
2.402	-0.5	0.146
2.402	-0.4	0.072
2.402	-0.3	0.076
2.402	-0.2	0.063
2.402	-0.1	0.071
2.402	0	0.04
2.402	0.1	0.108
2.402	0.2	0.124
2.402	0.3	0.141
2.402	0.4	0.314
2.402	0.5	0.464
2.402	0.6	0.684
2.402	0.7	0.76
2.402	0.8	1.036
2.402	0.9	1.368
2.402	1	1.368
2.411	-1	0.212
2.411	-0.8	0.212
2.411	-0.7	0.191
2.411	-0.6	0.2
2.411	-0.5	0.098
2.411	-0.4	0.052
2.411	-0.3	0.056
2.411	-0.2	0.091
2.411	-0.1	0.074
2.411	0	0.074
2.411	0.1	0.078
2.411	0.2	0.103
2.411	0.3	0.22
2.411	0.4	0.256
2.411	0.5	0.385
2.411	0.6	0.586
2.411	0.7	0.853
2.411	0.8	0.877
2.411	0.9	1.225
2.411	1	1.225
2.421	-1	0.238
2.421	-0.8	0.238
2.421	-0.7	0.166
2.421	-0.6	0.131
2.421	-0.5	0.088
2.421	-0.4	0.074
2.421	-0.3	0.097
2.421	-0.2	0.036
2.421	-0.1	0.112
2.421	0	0.039
2.421	0.1	0.063
2.421	0.2	0.092
2.421	0.3	0.141
2.421	0.4	0.21
2.421	0.5	0.388
2.421	0.6	0.661
2.421	0.7	0.636
2.421	0.8	1.139
2.421	0.9	1.287
2.421	1	1.287
2.431	-1	0.167
2.431	-0.8	0.167
2.431	-0.7	0.19
2.431	-0.6	0.193
2.431	-0.5	0.115
2.431	-0.4	0.054
2.431	-0.3	0.068
2.431	-0.2	0.018
2.431	-0.1	0.018
2.431	0	0.049
2.431	0.1	0.066
2.431	0.2	0.154
2.431	0.3	0.177
2.431	0.4	0.222
2.431	0.5	0.441
2.431	0.6	0.541
2.431	0.7	0.811
2.431	0.8	0.838
2.431	0.9	1.308
2.431	1	1.308
2.44	-1	0.22
2.44	-0.8	0.22
2.44	-0.7	0.216
2.44	-0.6	0.125
2.44	-0.5	0.155
2.44	-0.4	0.09
2.44	-0.3	0.045
2.44	-0.2	0.061
2.44	-0.1	0.031
2.44	0	0.048
2.44	0.1	0.088
2.44	0.2	0.106
2.44	0.3	0.161
2.44	0.4	0.22
2.44	0.5	0.32
2.44	0.6	0.556
2.44	0.7	0.751
2.44	0.8	0.957
2.44	0.9	1.651
2.44	1	1.651
2.45	-1	0.296
2.45	-0.8	0.296
2.45	-0.7	0.216
2.45	-0.6	0.167
2.45	-0.5	0.127
2.45	-0.4	0.081
2.45	-0.3	0.079
2.45	-0.2	0.08
2.45	-0.1	0.036
2.45	0	0.042
2.45	0.1	0.07
2.45	0.2	0.093
2.45	0.3	0.135
2.45	0.4	0.221
2.45	0.5	0.337
2.45	0.6	0.543
2.45	0.7	0.677
2.45	0.8	0.931
2.45	0.9	1.419
2.45	1	1.419
2.459	-1	0.173
2.459	-0.8	0.173
2.459	-0.7	0.227
2.459	-0.6	0.104
2.459	-0.5	0.081
2.459	-0.4	0.023
2.459	-0.3	0.074
2.459	-0.2	0.04
2.459	-0.1	0.082
2.459	0	0.032
2.459	0.1	0.122
2.459	0.2	0.069
2.459	0.3	0.224
2.459	0.4	0.263
2.459	0.5	0.314
2.459	0.6	0.514
2.459	0.7	0.776
2.459	0.8	1.131
2.459	0.9	1.526
2.459	1	1.526
2.469	-1	0.186
2.469	-0.8	0.186
2.469	-0.7	0.229
2.469	-0.6	0.165
2.469	-0.5	0.123
2.469	-0.4	0.09
2.469	-0.3	0.076
2.469	-0.2	0.044
2.469	-0.1	0.087
2.469	0	0.074
2.469	0.1	0.052
2.469	0.2	0.073
2.469	0.3	0.088
2.469	0.4	0.228
2.469	0.5	0.32
2.469	0.6	0.511
2.469	0.7	0.826
2.469	0.8	0.909
2.469	0.9	1.112
2.469	1	1.112
2.478	-1	0.158
2.478	-0.8	0.158
2.478	-0.7	0.142
2.478	-0.6	0.122
2.478	-0.5	0.091
2.478	-0.4	0.068
2.478	-0.3	0.054
2.478	-0.2	0.047
2.478	-0.1	0.094
2.478	0	0.035
2.478	0.1	0.026
2.478	0.2	0.025
2.478	0.3	0.123
2.478	0.4	0.145
2.478	0.5	0.334
2.478	0.6	0.469
2.478	0.7	0.795
2.478	0.8	0.968
2.478	0.9	1.426
2.478	1	1.426
2.487	-1	0.148
2.487	-0.8	0.148
2.487	-0.7	0.131
2.487	-0.6	0.139
2.487	-0.5	0.054
2.487	-0.4	0.039
2.487	-0.3	0.071
2.487	-0.2	0.048
2.487	-0.1	0.075
2.487	0	0.017
2.487	0.1	0.072
2.487	0.2	0.063
2.487	0.3	0.166
2.487	0.4	0.126
2.487	0.5	0.331
2.487	0.6	0.452
2.487	0.7	0.769
2.487	0.8	1.186
2.487	0.9	1.306
2.487	1	1.306
2.496	-1	0.139
2.496	-0.8	0.139
2.496	-0.7	0.167
2.496	-0.6	0.108
2.496	-0.5	0.071
2.496	-0.4	0.104
2.496	-0.3	0.085
2.496	-0.2	0.073
2.496	-0.1	0.059
2.496	0	0.026
2.496	0.1	0.05
2.496	0.2	0.046
2.496	0.3	0.094
2.496	0.4	0.136
2.496	0.5	0.282
2.496	0.6	0.487
2.496	0.7	0.686
2.496	0.8	0.906
2.496	0.9	1.254
2.496	1	1.254
2.506	-1	0.154
2.506	-0.8	0.154
2.506	-0.7	0.163
2.506	-0.6	0.087
2.506	-0.5	0.107
2.506	-0.4	0.025
2.506	-0.3	0.028
2.506	-0.2	0.038
2.506	-0.1	0.045
2.506	0	0.026
2.506	0.1	0.029
2.506	0.2	0.081
2.506	0.3	0.06
2.506	0.4	0.109
2.506	0.5	0.283
2.506	0.6	0.493
2.506	0.7	0.663
2.506	0.8	1.108
2.506	0.9	1.094
2.506	1	1.094
2.515	-1	0.159
2.515	-0.8	0.159
2.515	-0.7	0.117
2.515	-0.6	0.122
2.515	-0.5	0.092
2.515	-0.4	0.058
2.515	-0.3	0.024
2.515	-0.2	0.022
2.515	-0.1	0.038
2.515	0	0.061
2.515	0.1	0.067
2.515	0.2	0.094
2.515	0.3	0.105
2.515	0.4	0.182
2.515	0.5	0.306
2.515	0.6	0.528
2.515	0.7	0.712
2.515	0.8	0.976
2.515	0.9	1.132
2.515	1	1.132
2.524	-1	0.046
2.524	-0.8	0.046
2.524	-0.7	0.175
2.524	-0.6	0.125
2.524	-0.5	0.111
2.524	-0.4	0.084
2.524	-0.3	0.085
2.524	-0.2	0.093
2.524	-0.1	0.047
2.524	0	0.139
2.524	0.1	0.047
2.524	0.2	0.028
2.524	0.3	0.117
2.524	0.4	0.205
2.524	0.5	0.244
2.524	0.6	0.527
2.524	0.7	0.767
2.524	0.8	1.103
2.524	0.9	1.624
2.524	1	1.624
2.533	-1	0.165
2.533	-0.8	0.165
2.533	-0.7	0.15
2.533	-0.6	0.095
2.533	-0.5	0.052
2.533	-0.4	0.059
2.533	-0.3	0.061
2.533	-0.2	0.059
2.533	-0.1	0.047
2.533	0	0.043
2.533	0.1	0.095
2.533	0.2	0.048
2.533	0.3	0.061
2.533	0.4	0.095
2.533	0.5	0.29
2.533	0.6	0.407
2.533	0.7	0.575
2.533	0.8	1.064
2.533	0.9	1.19
2.533	1	1.19
5	-1	0.165
5	-0.8	0.165
5	-0.7	0.15
5	-0.6	0.095
5	-0.5	0.052
5	-0.4	0.059
5	-0.3	0.061
5	-0.2	0.059
5	-0.1	0.047
5	0	0.043
5	0.1	0.095
5	0.2	0.048
5	0.3	0.061
5	0.4	0.095
5	0.5	0.29
5	0.6	0.407
5	0.7	0.575
5	0.8	1.064
5	0.9	1.19
5	1	1.19
