1.725	0.65	-1	0.0173552	0.00699183	0.0149613	1.05012
1.725	0.65	-0.6	0.0173552	0.00699183	0.0149613	1.05012
1.725	0.65	-0.25	0.0156137	0.00251869	0.00632533	1.05012
1.725	0.65	0.05	0.0261089	0.00144469	0.0136105	1.05012
1.725	0.65	0.35	0.0216567	0.000474037	-0.00197096	1.05012
1.725	0.65	0.65	0.0371905	-0.0014266	0.0189084	1.05012
1.725	0.65	0.9	0.0180368	-0.0105472	-0.00460635	1.05012
1.725	0.65	1	0.0180368	-0.0105472	-0.00460635	1.05012
1.775	0.65	-1	0.019431	-0.00319164	-0.00143935	1.05709
1.775	0.65	-0.6	0.019431	-0.00319164	-0.00143935	1.05709
1.775	0.65	-0.25	0.04321	-0.0111445	0.00219408	1.05709
1.775	0.65	0.05	0.0508633	-0.0077877	0.000995938	1.05709
1.775	0.65	0.35	0.0520358	-0.0236951	-0.00166793	1.05709
1.775	0.65	0.65	0.0522378	-0.0124911	-0.00695306	1.05709
1.775	0.65	0.9	0.047662	-0.00040479	0.00209908	1.05709
1.775	0.65	1	0.047662	-0.00040479	0.00209908	1.05709
1.825	0.65	-1	0.0458242	-0.00107145	0.0038528	1.06497
1.825	0.65	-0.6	0.0458242	-0.00107145	0.0038528	1.06497
1.825	0.65	-0.25	0.0714161	-0.0172413	0.00938584	1.06497
1.825	0.65	0.05	0.0898409	-0.0199431	0.00125491	1.06497
1.825	0.65	0.35	0.0979373	-0.0170096	-0.0132459	1.06497
1.825	0.65	0.65	0.0757469	-0.00904584	-0.000860717	1.06497
1.825	0.65	0.9	0.061453	-0.00461213	-0.0206276	1.06497
1.825	0.65	1	0.061453	-0.00461213	-0.0206276	1.06497
1.875	0.65	-1	0.0411705	-0.0171589	0.00394367	1.07383
1.875	0.65	-0.6	0.0411705	-0.0171589	0.00394367	1.07383
1.875	0.65	-0.25	0.0992033	-0.0324822	0.00284303	1.07383
1.875	0.65	0.05	0.11967	-0.0391635	-0.00509898	1.07383
1.875	0.65	0.35	0.126536	-0.0212783	-0.00803306	1.07383
1.875	0.65	0.65	0.087814	-0.0408405	-0.030208	1.07383
1.875	0.65	0.9	0.07154	0.0142754	0.00849803	1.07383
1.875	0.65	1	0.07154	0.0142754	0.00849803	1.07383
1.925	0.65	-1	0.0422042	-0.0131891	0.0228138	1.08373
1.925	0.65	-0.6	0.0422042	-0.0131891	0.0228138	1.08373
1.925	0.65	-0.25	0.0828654	-0.0199246	0.00275851	1.08373
1.925	0.65	0.05	0.108134	-0.0260135	-0.00238596	1.08373
1.925	0.65	0.35	0.103412	-0.0169422	-0.0186713	1.08373
1.925	0.65	0.65	0.0841917	0.0029095	-0.00810674	1.08373
1.925	0.65	0.9	0.0634776	0.00677196	-0.0110718	1.08373
1.925	0.65	1	0.0634776	0.00677196	-0.0110718	1.08373
1.975	0.65	-1	0.026957	-0.00169834	0.00195668	1.09474
1.975	0.65	-0.6	0.026957	-0.00169834	0.00195668	1.09474
1.975	0.65	-0.25	0.0592173	-0.0151159	-0.00508496	1.09474
1.975	0.65	0.05	0.0817405	-0.00792342	-0.00640664	1.09474
1.975	0.65	0.35	0.0785452	-0.00880194	-0.0100312	1.09474
1.975	0.65	0.65	0.0789839	0.000169165	-0.0048922	1.09474
1.975	0.65	0.9	0.0803859	0.0293893	0.0220636	1.09474
1.975	0.65	1	0.0803859	0.0293893	0.0220636	1.09474
2.05	0.65	-1	0.0142923	-0.00407957	-0.00147315	1.11341
2.05	0.65	-0.6	0.0142923	-0.00407957	-0.00147315	1.11341
2.05	0.65	-0.25	0.0308304	-0.00766873	0.00271449	1.11341
2.05	0.65	0.05	0.0502677	-0.0126102	-0.00562976	1.11341
2.05	0.65	0.35	0.0532635	-0.00724215	-0.00715898	1.11341
2.05	0.65	0.65	0.0559804	0.00286224	-0.0133029	1.11341
2.05	0.65	0.9	0.0388535	-0.0157457	-0.0187005	1.11341
2.05	0.65	1	0.0388535	-0.0157457	-0.0187005	1.11341
1.725	1	-1	0.0109167	0.00486228	0.00224482	1.01334
1.725	1	-0.6	0.0109167	0.00486228	0.00224482	1.01334
1.725	1	-0.25	0.0120253	-0.00175365	-0.000642401	1.01334
1.725	1	0.05	0.0175777	-0.00072357	0.00316539	1.01334
1.725	1	0.35	0.0196782	0.00202104	0.00138384	1.01334
1.725	1	0.65	0.0203561	0.00834877	0.011788	1.01334
1.725	1	0.9	0.0133911	-0.00335637	-0.00164745	1.01334
1.725	1	1	0.0133911	-0.00335637	-0.00164745	1.01334
1.775	1	-1	0.0145943	-6.79804e-06	0.00285771	1.01486
1.775	1	-0.6	0.0145943	-6.79804e-06	0.00285771	1.01486
1.775	1	-0.25	0.0279416	-0.00214216	0.00118669	1.01486
1.775	1	0.05	0.0296172	-0.00807653	0.00246291	1.01486
1.775	1	0.35	0.0370511	-0.00413783	0.000306579	1.01486
1.775	1	0.65	0.03104	-0.00194726	-0.0092797	1.01486
1.775	1	0.9	0.0274729	9.45638e-05	-0.000320857	1.01486
1.775	1	1	0.0274729	9.45638e-05	-0.000320857	1.01486
1.825	1	-1	0.033237	0.00347527	-0.00597257	1.01656
1.825	1	-0.6	0.033237	0.00347527	-0.00597257	1.01656
1.825	1	-0.25	0.0461347	-0.00685414	0.00459941	1.01656
1.825	1	0.05	0.0555302	-0.00733619	-0.00355353	1.01656
1.825	1	0.35	0.0696447	0.0115487	0.0159766	1.01656
1.825	1	0.65	0.0438515	-0.0101658	-0.00784325	1.01656
1.825	1	0.9	0.0568252	0.0106182	0.0284969	1.01656
1.825	1	1	0.0568252	0.0106182	0.0284969	1.01656
1.875	1	-1	0.0378015	-0.000464932	-0.0184425	1.01845
1.875	1	-0.6	0.0378015	-0.000464932	-0.0184425	1.01845
1.875	1	-0.25	0.06034	-0.0132207	0.000516071	1.01845
1.875	1	0.05	0.0811841	-0.0133319	0.00322043	1.01845
1.875	1	0.35	0.0786911	-0.0140734	-0.00938064	1.01845
1.875	1	0.65	0.0512031	-0.0196819	-0.0250645	1.01845
1.875	1	0.9	0.0372267	0.0080402	-3.77757e-05	1.01845
1.875	1	1	0.0372267	0.0080402	-3.77757e-05	1.01845
1.925	1	-1	0.028639	-0.00688151	0.00282023	1.02056
1.925	1	-0.6	0.028639	-0.00688151	0.00282023	1.02056
1.925	1	-0.25	0.0570045	-0.00235601	0.000346056	1.02056
1.925	1	0.05	0.0711067	-0.0152038	-4.52959e-05	1.02056
1.925	1	0.35	0.0627416	-0.0101663	-0.00695669	1.02056
1.925	1	0.65	0.0516261	0.00147551	-0.00380088	1.02056
1.925	1	0.9	0.052092	0.00913446	0.0242784	1.02056
1.925	1	1	0.052092	0.00913446	0.0242784	1.02056
1.975	1	-1	0.0179228	-0.0052721	-0.00138372	1.0229
1.975	1	-0.6	0.0179228	-0.0052721	-0.00138372	1.0229
1.975	1	-0.25	0.0324454	-0.00185128	-0.0034905	1.0229
1.975	1	0.05	0.0523377	-0.00639554	-0.00168216	1.0229
1.975	1	0.35	0.041254	-0.00708111	-0.00933356	1.0229
1.975	1	0.65	0.0343617	-0.00535771	-0.0159964	1.0229
1.975	1	0.9	0.0462574	0.00513006	0.0186749	1.0229
1.975	1	1	0.0462574	0.00513006	0.0186749	1.0229
2.05	1	-1	0.00940586	-0.002907	0.00650708	1.02688
2.05	1	-0.6	0.00940586	-0.002907	0.00650708	1.02688
2.05	1	-0.25	0.0197631	-0.00202213	0.00717786	1.02688
2.05	1	0.05	0.0323857	-0.00718384	0.000426303	1.02688
2.05	1	0.35	0.0314986	-0.00455941	-0.00690556	1.02688
2.05	1	0.65	0.0318544	-0.00514729	-0.0179704	1.02688
2.05	1	0.9	0.0468997	0.00019077	0.0017697	1.02688
2.05	1	1	0.0468997	0.00019077	0.0017697	1.02688
2.15	1	-1	0.00792027	0.000133655	-0.00145194	1.03318
2.15	1	-0.6	0.00792027	0.000133655	-0.00145194	1.03318
2.15	1	-0.25	0.0132903	-0.00129466	0.0028023	1.03318
2.15	1	0.05	0.0225052	0.00293879	-0.0013619	1.03318
2.15	1	0.35	0.0260522	-0.00366566	-0.00957916	1.03318
2.15	1	0.65	0.0253578	-0.0051389	0.00355995	1.03318
2.15	1	0.9	0.026718	0.0163851	0.0195177	1.03318
2.15	1	1	0.026718	0.0163851	0.0195177	1.03318
1.75	1.55	-1	0.00762527	0.00177479	0.00330092	1.02134
1.75	1.55	-0.6	0.00762527	0.00177479	0.00330092	1.02134
1.75	1.55	-0.25	0.0145633	0.00248719	-0.000371635	1.02134
1.75	1.55	0.05	0.0142353	0.00306783	0.00250021	1.02134
1.75	1.55	0.35	0.0151576	-8.6472e-05	0.00466198	1.02134
1.75	1.55	0.65	0.00797266	0.00507381	0.000882579	1.02134
1.75	1.55	0.9	0.00720491	-0.000252246	-0.000491964	1.02134
1.75	1.55	1	0.00720491	-0.000252246	-0.000491964	1.02134
1.85	1.55	-1	0.0188396	-0.00954054	-0.000295882	1.02567
1.85	1.55	-0.6	0.0188396	-0.00954054	-0.000295882	1.02567
1.85	1.55	-0.25	0.037217	-0.00870528	0.0111805	1.02567
1.85	1.55	0.05	0.0372482	-0.0195957	-0.00342339	1.02567
1.85	1.55	0.35	0.0426428	-0.000706522	-0.00217026	1.02567
1.85	1.55	0.65	0.0270269	-0.00499205	-0.0150501	1.02567
1.85	1.55	0.9	0.0197507	0.000722212	-0.00668319	1.02567
1.85	1.55	1	0.0197507	0.000722212	-0.00668319	1.02567
1.95	1.55	-1	0.0197054	-0.00497326	-6.38448e-05	1.03091
1.95	1.55	-0.6	0.0197054	-0.00497326	-6.38448e-05	1.03091
1.95	1.55	-0.25	0.0291192	-0.00313592	0.00124662	1.03091
1.95	1.55	0.05	0.0378453	-0.0159859	0.00236832	1.03091
1.95	1.55	0.35	0.0308401	-0.00834547	-0.0127558	1.03091
1.95	1.55	0.65	0.019902	0.00178724	-0.0186242	1.03091
1.95	1.55	0.9	0.0237199	-0.00379878	-0.000338175	1.03091
1.95	1.55	1	0.0237199	-0.00379878	-0.000338175	1.03091
2.05	1.55	-1	0.00501252	-0.00257068	0.00205114	1.03718
2.05	1.55	-0.6	0.00501252	-0.00257068	0.00205114	1.03718
2.05	1.55	-0.25	0.0160205	-0.00358812	0.00135431	1.03718
2.05	1.55	0.05	0.0205743	0.00203474	-0.00129751	1.03718
2.05	1.55	0.35	0.0248296	-0.00028596	-0.00275321	1.03718
2.05	1.55	0.65	0.0243858	0.000361993	-0.00675457	1.03718
2.05	1.55	0.9	0.0239741	-0.00310727	0.001961	1.03718
2.05	1.55	1	0.0239741	-0.00310727	0.001961	1.03718
2.15	1.55	-1	0.00385388	0.000534842	-0.0016027	1.0446
2.15	1.55	-0.6	0.00385388	0.000534842	-0.0016027	1.0446
2.15	1.55	-0.25	0.00685187	0.000379427	0.0020156	1.0446
2.15	1.55	0.05	0.0107577	0.00409294	-0.000219742	1.0446
2.15	1.55	0.35	0.0149701	-0.00214399	-0.00336505	1.0446
2.15	1.55	0.65	0.0257538	0.0137969	0.0139235	1.0446
2.15	1.55	0.9	0.0244654	0.0155903	0.0143599	1.0446
2.15	1.55	1	0.0244654	0.0155903	0.0143599	1.0446
1.75	2.05	-1	0.00830066	0.000671823	0.00551529	1.02917
1.75	2.05	-0.6	0.00830066	0.000671823	0.00551529	1.02917
1.75	2.05	-0.25	0.0115579	0.00226597	0.00701432	1.02917
1.75	2.05	0.05	0.0101029	-0.00494332	-0.000551726	1.02917
1.75	2.05	0.35	0.014081	0.00114294	0.00913779	1.02917
1.75	2.05	0.65	0.00829824	-0.00422786	0.00169186	1.02917
1.75	2.05	0.9	0.00483159	-0.00220662	-0.00347269	1.02917
1.75	2.05	1	0.00483159	-0.00220662	-0.00347269	1.02917
1.85	2.05	-1	0.0138548	-0.00122843	0.00219823	1.03436
1.85	2.05	-0.6	0.0138548	-0.00122843	0.00219823	1.03436
1.85	2.05	-0.25	0.0181946	-0.00659402	0.000129714	1.03436
1.85	2.05	0.05	0.0234208	-0.00791118	-0.0056012	1.03436
1.85	2.05	0.35	0.0288021	0.00620123	0.00270461	1.03436
1.85	2.05	0.65	0.0196712	0.0100079	0.00327602	1.03436
1.85	2.05	0.9	0.0189202	-0.00205575	0.000613888	1.03436
1.85	2.05	1	0.0189202	-0.00205575	0.000613888	1.03436
1.95	2.05	-1	0.016546	-0.00206035	-5.56116e-05	1.04051
1.95	2.05	-0.25	0.016546	-0.00206035	-5.56116e-05	1.04051
1.95	2.05	0.05	0.0264362	-0.00855502	-0.00446497	1.04051
1.95	2.05	0.35	0.0196895	0.00404614	-0.000724731	1.04051
1.95	2.05	0.65	0.0163871	0.00306786	-0.00259176	1.04051
1.95	2.05	0.9	0.0124732	-0.000244668	0.00427768	1.04051
1.95	2.05	1	0.0124732	-0.000244668	0.00427768	1.04051
2.05	2.05	-1	0.00322249	-0.00108949	0.00184752	1.0477
2.05	2.05	-0.6	0.00322249	-0.00108949	0.00184752	1.0477
2.05	2.05	-0.25	0.00555545	-0.00180179	-0.0020597	1.0477
2.05	2.05	0.05	0.0121634	-0.00243485	-0.00511127	1.0477
2.05	2.05	0.35	0.0191484	0.00343499	0.00528894	1.0477
2.05	2.05	0.65	0.0187571	0.00457084	-0.00597388	1.0477
2.05	2.05	0.9	0.0277122	0.00643401	0.0178374	1.0477
2.05	2.05	1	0.0277122	0.00643401	0.0178374	1.0477
1.75	2.6	-1	0.00527087	9.98787e-05	0.00255316	0.44
1.75	2.6	-0.775	0.00527087	9.98787e-05	0.00255316	0.44
1.75	2.6	-0.525	0.0129861	-0.00417105	0.00301024	0.44
1.75	2.6	-0.3	0.0179885	-0.00437664	0.0032883	0.44
1.75	2.6	-0.1	0.0270994	-0.00952208	0.000981718	0.44
1.75	2.6	0.1	0.028904	-0.00658281	-0.00417162	0.44
1.75	2.6	0.3	0.0261954	-0.00302412	-0.00570644	0.44
1.75	2.6	0.5	0.0307508	-0.00228749	-0.00230611	0.44
1.75	2.6	0.675	0.0214087	-0.00193394	-0.00281399	0.44
1.75	2.6	0.825	0.0240247	-0.00235361	-0.00415577	0.44
1.75	2.6	0.95	0.0242658	-0.00250245	-0.00287817	0.44
1.75	2.6	1	0.0242658	-0.00250245	-0.00287817	0.44
1.875	2.6	-1	0.00527087	9.98787e-05	0.00255316	0.86
1.875	2.6	-0.775	0.00527087	9.98787e-05	0.00255316	0.86
1.875	2.6	-0.525	0.0129861	-0.00417105	0.00301024	0.86
1.875	2.6	-0.3	0.0179885	-0.00437664	0.0032883	0.86
1.875	2.6	-0.1	0.0270994	-0.00952208	0.000981718	0.86
1.875	2.6	0.1	0.028904	-0.00658281	-0.00417162	0.86
1.875	2.6	0.3	0.0261954	-0.00302412	-0.00570644	0.86
1.875	2.6	0.5	0.0307508	-0.00228749	-0.00230611	0.86
1.875	2.6	0.675	0.0214087	-0.00193394	-0.00281399	0.86
1.875	2.6	0.825	0.0240247	-0.00235361	-0.00415577	0.86
1.875	2.6	0.95	0.0242658	-0.00250245	-0.00287817	0.86
1.875	2.6	1	0.0242658	-0.00250245	-0.00287817	0.86
1.925	2.6	-1	0.00658912	-0.00165127	0.00282576	1
1.925	2.6	-0.775	0.00658912	-0.00165127	0.00282576	1
1.925	2.6	-0.525	0.0110492	-0.00263822	0.00255708	1
1.925	2.6	-0.3	0.0167301	-0.00333277	0.00233526	1
1.925	2.6	-0.1	0.0188595	-0.00531744	-0.00200816	1
1.925	2.6	0.1	0.0256262	-0.0025272	-0.000797352	1
1.925	2.6	0.3	0.0267923	-0.0019845	-0.000470832	1
1.925	2.6	0.5	0.0240784	-0.00193836	-0.00194782	1
1.925	2.6	0.675	0.0271069	0.00334055	-0.000505905	1
1.925	2.6	0.825	0.0207853	0.00239002	-0.00341279	1
1.925	2.6	0.95	0.0233278	0.000347896	-0.00250218	1
1.925	2.6	1	0.0233278	0.000347896	-0.00250218	1
1.975	2.6	-1	0.00602487	-0.00068006	-0.000175095	1
1.975	2.6	-0.775	0.00602487	-0.00068006	-0.000175095	1
1.975	2.6	-0.525	0.00652037	-0.00255071	0.00104464	1
1.975	2.6	-0.3	0.0101971	-0.0012811	0.00068584	1
1.975	2.6	-0.1	0.015508	-0.000854539	0.000194805	1
1.975	2.6	0.1	0.0172551	0.00128287	-0.00061876	1
1.975	2.6	0.3	0.0199684	0.00313832	-0.0012434	1
1.975	2.6	0.5	0.0213931	0.000288322	-0.000309236	1
1.975	2.6	0.675	0.0261194	0.00338474	-0.00217979	1
1.975	2.6	0.825	0.0255871	-0.000164934	-0.0039073	1
1.975	2.6	0.95	0.035526	0.00341745	-0.00515755	1
1.975	2.6	1	0.035526	0.00341745	-0.00515755	1
2.025	2.6	-1	0.00361425	-1.97991e-05	0.000981238	1
2.025	2.6	-0.775	0.00361425	-1.97991e-05	0.000981238	1
2.025	2.6	-0.525	0.00260413	-0.000607228	0.000795261	1
2.025	2.6	-0.3	0.00613875	-0.00118723	-0.00025764	1
2.025	2.6	-0.1	0.00759763	-0.00101063	-0.000275293	1
2.025	2.6	0.1	0.0101375	-0.000252438	-0.00399123	1
2.025	2.6	0.3	0.0196716	0.00181426	0.000900217	1
2.025	2.6	0.5	0.0185395	0.00106702	-0.00126626	1
2.025	2.6	0.675	0.0219771	0.000535455	-0.00656327	1
2.025	2.6	0.825	0.0260326	0.00362905	-0.00379744	1
2.025	2.6	0.95	0.037158	0.000314661	-0.00260327	1
2.025	2.6	1	0.037158	0.000314661	-0.00260327	1
2.075	2.6	-1	0.00363675	0.000639932	0.000371851	1
2.075	2.6	-0.775	0.00363675	0.000639932	0.000371851	1
2.075	2.6	-0.525	0.00233412	-0.000500808	7.77173e-05	1
2.075	2.6	-0.3	0.00319625	0.000243952	0.000979866	1
2.075	2.6	-0.1	0.00588575	0.000737512	-0.000309373	1
2.075	2.6	0.1	0.00750388	0.000703748	-0.00144454	1
2.075	2.6	0.3	0.0124599	0.00109372	-0.000704979	1
2.075	2.6	0.5	0.0165115	0.00156094	-0.00109744	1
2.075	2.6	0.675	0.0192971	0.000765973	5.18592e-05	1
2.075	2.6	0.825	0.0233136	0.00275436	-0.00355198	1
2.075	2.6	0.95	0.0351421	-0.00156889	-0.00128718	1
2.075	2.6	1	0.0351421	-0.00156889	-0.00128718	1
2.125	2.6	-1	0.00212775	0.000125865	-0.000332794	1
2.125	2.6	-0.775	0.00212775	0.000125865	-0.000332794	1
2.125	2.6	-0.525	0.00126725	-7.99031e-05	0.000121617	1
2.125	2.6	-0.3	0.00213038	-7.01804e-05	-0.000240882	1
2.125	2.6	-0.1	0.00409825	-0.000164756	-0.000303403	1
2.125	2.6	0.1	0.00762487	-0.000604046	-0.00132817	1
2.125	2.6	0.3	0.00797312	-0.000332871	-0.00165882	1
2.125	2.6	0.5	0.00972213	0.000365751	-0.00130136	1
2.125	2.6	0.675	0.014877	5.55073e-05	-0.00129208	1
2.125	2.6	0.825	0.0153172	-2.8992e-05	-0.000274769	1
2.125	2.6	0.95	0.0271151	0.000460502	-0.00293134	1
2.125	2.6	1	0.0271151	0.000460502	-0.00293134	1
2.175	2.6	-1	0.00250075	0.000305824	0.000341053	1
2.175	2.6	-0.775	0.00250075	0.000305824	0.000341053	1
2.175	2.6	-0.525	0.00246675	-0.000738927	0.000697857	1
2.175	2.6	-0.3	0.0024195	4.45476e-05	-0.000470292	1
2.175	2.6	-0.1	0.00318437	0.000185792	9.70255e-05	1
2.175	2.6	0.1	0.00553662	0.000800975	0.000157561	1
2.175	2.6	0.3	0.00633662	0.000212309	0.000618033	1
2.175	2.6	0.5	0.00909963	-0.000392268	-0.00272273	1
2.175	2.6	0.675	0.0088575	-0.000201526	-0.00159573	1
2.175	2.6	0.825	0.0157255	-0.000856377	-0.00289897	1
2.175	2.6	0.95	0.0230259	0.00215155	0.000863389	1
2.175	2.6	1	0.0230259	0.00215155	0.000863389	1
2.225	2.6	-1	0.00222763	0.000143012	4.01671e-05	1
2.225	2.6	-0.775	0.00222763	0.000143012	4.01671e-05	1
2.225	2.6	-0.525	0.001889	-0.000644528	0.000392217	1
2.225	2.6	-0.3	0.00234963	-0.000363276	-0.000705103	1
2.225	2.6	-0.1	0.00226625	0.000583717	-0.000234139	1
2.225	2.6	0.1	0.00483788	0.000871686	0.000665095	1
2.225	2.6	0.3	0.005351	0.00014531	-0.000875198	1
2.225	2.6	0.5	0.00576625	-0.000280368	-0.00129892	1
2.225	2.6	0.675	0.00811825	-0.00155245	-0.00225226	1
2.225	2.6	0.825	0.013231	-0.000489319	-0.00517699	1
2.225	2.6	0.95	0.0211836	-0.00205149	0.00014945	1
2.225	2.6	1	0.0211836	-0.00205149	0.00014945	1
2.275	2.6	-1	0.00212675	-0.000154856	0.000253506	1
2.275	2.6	-0.775	0.00212675	-0.000154856	0.000253506	1
2.275	2.6	-0.525	0.0020605	-0.000294156	0.000428069	1
2.275	2.6	-0.3	0.00141375	0.000207182	-0.00070806	1
2.275	2.6	-0.1	0.00184937	0.000161397	-0.000337231	1
2.275	2.6	0.1	0.00256562	0.000146194	-0.000250705	1
2.275	2.6	0.3	0.00377037	0.000156801	-0.000999986	1
2.275	2.6	0.5	0.00619512	0.000758902	0.000350567	1
2.275	2.6	0.675	0.0101748	0.000524673	-0.0021501	1
2.275	2.6	0.825	0.0195669	0.00108205	0.000760693	1
2.275	2.6	0.95	0.032968	-0.00262195	-0.00193555	1
2.275	2.6	1	0.032968	-0.00262195	-0.00193555	1
2.325	2.6	-1	0.00123238	-0.000388378	-0.000202596	1
2.325	2.6	-0.775	0.00123238	-0.000388378	-0.000202596	1
2.325	2.6	-0.525	0.001268	0.000239356	0.000872116	1
2.325	2.6	-0.3	0.00164288	0.000313779	-0.000777793	1
2.325	2.6	-0.1	0.00238162	0.000520961	-0.00011992	1
2.325	2.6	0.1	0.0021225	0.000473054	3.24207e-05	1
2.325	2.6	0.3	0.00405462	-0.000351963	-0.00128498	1
2.325	2.6	0.5	0.00493587	-0.0013854	-0.00235003	1
2.325	2.6	0.675	0.00742575	-0.00207854	-0.00278867	1
2.325	2.6	0.825	0.0182697	-0.00482388	-0.00670912	1
2.325	2.6	0.95	0.0286612	-0.00152169	-0.00107639	1
2.325	2.6	1	0.0286612	-0.00152169	-0.00107639	1
2.375	2.6	-1	0.000860125	0.000240947	0.000689505	1
2.375	2.6	-0.775	0.000860125	0.000240947	0.000689505	1
2.375	2.6	-0.525	0.000971125	-6.59377e-05	0.000305951	1
2.375	2.6	-0.3	0.00138425	0.000243952	-0.000528213	1
2.375	2.6	-0.1	0.00095525	6.78822e-05	-0.000293864	1
2.375	2.6	0.1	0.001034	-8.13178e-06	-0.000213585	1
2.375	2.6	0.3	0.00311412	-0.000545003	-0.00110234	1
2.375	2.6	0.5	0.00525017	-0.000997535	-0.00223594	1
2.375	2.6	0.675	0.0155725	0.00546727	0.00330178	1
2.375	2.6	0.825	0.0194715	-0.00510284	-0.00321331	1
2.375	2.6	0.95	0.0272498	-0.00237093	-0.00497487	1
2.375	2.6	1	0.0272498	-0.00237093	-0.00497487	1
1.775	3.45	-1	0.00446085	0.00117011	0.000550702	1
1.775	3.45	-0.775	0.00446085	0.00117011	0.000550702	1
1.775	3.45	-0.525	0.00552609	-0.000895887	-0.00193289	1
1.775	3.45	-0.3	0.00941126	-0.000331794	-0.000357261	0.75
1.775	3.45	-0.1	0.00617825	0.00141613	0.00106859	1.3
1.775	3.45	0.1	0.00941886	-0.000464574	0.0012956	0.95
1.775	3.45	0.3	0.00792403	-0.00314947	-0.00238024	1.37
1.775	3.45	0.5	0.0117709	0.000167091	0.00063469	1.17
1.775	3.45	0.675	0.0183492	0.00121367	0.00453441	0.85
1.775	3.45	0.825	0.0162616	0.0007699	-0.000801876	1
1.775	3.45	0.95	0.0137626	-0.000860001	0.00142388	1.16
1.775	3.45	1	0.0137626	-0.000860001	0.00142388	1.16
1.825	3.45	-1	0.00450517	-0.00132255	-0.0014968	1
1.825	3.45	-0.775	0.00450517	-0.00132255	-0.0014968	1
1.825	3.45	-0.525	0.00666577	0.000768551	0.000465621	1
1.825	3.45	-0.3	0.00922668	-0.00158345	0.00148523	1
1.825	3.45	-0.1	0.014682	-0.00593548	-0.00354442	0.9
1.825	3.45	0.1	0.0178427	-0.00615129	-0.00272684	0.87
1.825	3.45	0.3	0.0141502	-0.00132393	-0.0019447	1.15
1.825	3.45	0.5	0.0181999	-0.00399513	0.00157597	0.92
1.825	3.45	0.675	0.0150837	0.00269466	-0.00259722	1.215
1.825	3.45	0.825	0.0184743	-0.00210156	-0.00201495	1
1.825	3.45	0.95	0.0185532	-0.00174209	-0.00121726	1
1.825	3.45	1	0.0185532	-0.00174209	-0.00121726	1
1.875	3.45	-1	0.00272269	-0.00046213	-0.000359683	1
1.875	3.45	-0.775	0.00272269	-0.00046213	-0.000359683	1
1.875	3.45	-0.525	0.00628147	-0.0034438	-0.00043249	1
1.875	3.45	-0.3	0.0126227	-0.00288265	0.000706867	0.87
1.875	3.45	-0.1	0.0133804	-0.00533404	-0.00381527	1
1.875	3.45	0.1	0.0165761	-0.00406914	-0.00227226	1
1.875	3.45	0.3	0.0187305	-0.00206865	0.000235293	0.92
1.875	3.45	0.5	0.0156771	-0.00220928	-0.00556733	1
1.875	3.45	0.675	0.0149913	-0.000645236	-0.00160929	1
1.875	3.45	0.825	0.0158263	-0.000620813	-0.00042224	1
1.875	3.45	0.95	0.0150633	0.000281764	-0.00179945	1
1.875	3.45	1	0.0150633	0.000281764	-0.00179945	1
1.925	3.45	-1	0.00472658	6.6936e-05	0.00197999	1
1.925	3.45	-0.775	0.00472658	6.6936e-05	0.00197999	1
1.925	3.45	-0.525	0.00818879	-0.00083639	-0.00030632	1
1.925	3.45	-0.3	0.0108347	0.000214237	-0.00130775	0.97
1.925	3.45	-0.1	0.0142254	-0.000212404	-0.00177473	0.94
1.925	3.45	0.1	0.0158015	-0.000957726	-0.00201206	0.87
1.925	3.45	0.3	0.0171495	-0.00267556	0.00182757	0.87
1.925	3.45	0.5	0.0141456	0.000941356	-0.0015929	1
1.925	3.45	0.675	0.0134334	-0.00276069	-0.00884291	1
1.925	3.45	0.825	0.0135151	0.00148221	0.000332245	1
1.925	3.45	0.95	0.0156738	-0.00121528	-0.00252754	1
1.925	3.45	1	0.0156738	-0.00121528	-0.00252754	1
1.975	3.45	-1	0.00392243	-0.00144018	-0.00123319	1
1.975	3.45	-0.775	0.00392243	-0.00144018	-0.00123319	1
1.975	3.45	-0.525	0.0046344	0.000319616	-0.00131805	1
1.975	3.45	-0.3	0.00696517	-0.000198775	-0.00355517	1
1.975	3.45	-0.1	0.0088662	-0.000349105	-0.000637126	1
1.975	3.45	0.1	0.00931056	-0.00075148	-0.00199293	1.19
1.975	3.45	0.3	0.0141053	0.000686261	-0.00112888	0.9
1.975	3.45	0.5	0.0149885	0.000944496	0.00114967	1
1.975	3.45	0.675	0.0147124	-0.00366366	-0.00607645	1.1
1.975	3.45	0.825	0.0189578	0.00223449	-0.00218641	1
1.975	3.45	0.95	0.025759	-0.000455104	-0.000191962	1
1.975	3.45	1	0.025759	-0.000455104	-0.000191962	1
2.025	3.45	-1	0.00143554	-0.000190044	-0.000325842	1
2.025	3.45	-0.775	0.00143554	-0.000190044	-0.000325842	1
2.025	3.45	-0.525	0.00266433	0.000854856	0.000553584	1
2.025	3.45	-0.3	0.004067	-0.000599782	-0.00149663	1
2.025	3.45	-0.1	0.00487745	0.00071945	-0.000111774	1
2.025	3.45	0.1	0.00613367	-0.00214221	-0.00178908	1.15
2.025	3.45	0.3	0.0120985	0.00118027	-0.00114573	0.82
2.025	3.45	0.5	0.013486	-0.00171702	-0.00382266	0.94
2.025	3.45	0.675	0.014386	-0.00404581	-0.00610195	1
2.025	3.45	0.825	0.0162355	0.00191274	-0.00126584	1.2
2.025	3.45	0.95	0.0329483	-0.000964025	0.00205654	1
2.025	3.45	1	0.0329483	-0.000964025	0.00205654	1
2.075	3.45	-1	0.00269446	-0.000633093	0.000862985	1
2.075	3.45	-0.775	0.00269446	-0.000633093	0.000862985	1
2.075	3.45	-0.525	0.00177382	-0.00014455	-0.000191128	1
2.075	3.45	-0.3	0.00202892	0.000156911	2.73044e-05	1
2.075	3.45	-0.1	0.00422973	0.00172062	-0.000846553	1
2.075	3.45	0.1	0.00600514	-0.00107444	0.000181018	1
2.075	3.45	0.3	0.00929862	0.000617007	-0.00173883	1
2.075	3.45	0.5	0.0112318	-0.00174905	-0.00322338	1
2.075	3.45	0.675	0.00979144	-0.00192762	-0.0053441	1.31
2.075	3.45	0.825	0.0160364	-0.00305888	-0.00656482	1
2.075	3.45	0.95	0.0249843	-0.000758646	0.00107149	1
2.075	3.45	1	0.0249843	-0.000758646	0.00107149	1
2.125	3.45	-1	0.00150948	0.000278554	0.00031743	1
2.125	3.45	-0.775	0.00150948	0.000278554	0.00031743	1
2.125	3.45	-0.525	0.000709767	-1.97569e-05	7.00007e-07	1
2.125	3.45	-0.3	0.00162338	-0.000156382	-0.000179664	1
2.125	3.45	-0.1	0.00286203	-7.87713e-05	-0.000603617	1
2.125	3.45	0.1	0.00431257	0.000256797	-0.000876566	1
2.125	3.45	0.3	0.00469267	-0.0013183	-0.00275546	1.05
2.125	3.45	0.5	0.0069425	-0.000640638	-0.000750522	1
2.125	3.45	0.675	0.00906932	-0.00296688	-0.00354916	1
2.125	3.45	0.825	0.00914746	-0.000293038	-0.00222155	1.3
2.125	3.45	0.95	0.0174983	-0.00233361	0.00222846	1
2.125	3.45	1	0.0174983	-0.00233361	0.00222846	1
2.175	3.45	-1	0.00132748	0.000664565	0.000794943	1
2.175	3.45	-0.775	0.00132748	0.000664565	0.000794943	1
2.175	3.45	-0.525	0.0012463	-0.000630675	-0.000223718	1
2.175	3.45	-0.3	0.00152449	-0.000504717	-0.000281453	1
2.175	3.45	-0.1	0.00251229	-0.000262294	-0.000134291	1
2.175	3.45	0.1	0.00356905	-0.000478036	-0.00145056	1
2.175	3.45	0.3	0.00404195	-0.000304661	-0.000729987	1
2.175	3.45	0.5	0.00622578	0.000394543	-0.000844941	0.87
2.175	3.45	0.675	0.00485706	-0.00051081	-0.00241999	1.15
2.175	3.45	0.825	0.0076068	-0.00155392	-0.00345631	1
2.175	3.45	0.95	0.0112691	0.000773675	-0.00306676	1
2.175	3.45	1	0.0112691	0.000773675	-0.00306676	1
