W	Q2	Beam energy	cos(teta)	p0	p1	p2	
GeV	GeV^2	GeV	dimensionless 
1.775	3.45	0	-0.775	0.00446085	0.00117011	0.000550702	1	1
1.775	3.45	0	-0.525	0.00552609	-0.000895887	-0.00193289	1	1
1.775	3.45	0	-0.3	0.00941126	-0.000331794	-0.000357261	0.75	1
1.775	3.45	0	-0.1	0.00617825	0.00141613	0.00106859	1.3	1
1.775	3.45	0	0.1	0.00941886	-0.000464574	0.0012956	0.95	1
1.775	3.45	0	0.3	0.00792403	-0.00314947	-0.00238024	1.37	1
1.775	3.45	0	0.5	0.0117709	0.000167091	0.00063469	1.17	1
1.775	3.45	0	0.675	0.0183492	0.00121367	0.00453441	0.85	1
1.775	3.45	0	0.825	0.0162616	0.0007699	-0.000801876	1	1
1.775	3.45	0	0.95	0.0137626	-0.000860001	0.00142388	1.16	1
1.825	3.45	0	-0.775	0.00450517	-0.00132255	-0.0014968	1	1
1.825	3.45	0	-0.525	0.00666577	0.000768551	0.000465621	1	1
1.825	3.45	0	-0.3	0.00922668	-0.00158345	0.00148523	1	1
1.825	3.45	0	-0.1	0.014682	-0.00593548	-0.00354442	0.9	1
1.825	3.45	0	0.1	0.0178427	-0.00615129	-0.00272684	0.87	1
1.825	3.45	0	0.3	0.0141502	-0.00132393	-0.0019447	1.15	1
1.825	3.45	0	0.5	0.0181999	-0.00399513	0.00157597	0.92	1
1.825	3.45	0	0.675	0.0150837	0.00269466	-0.00259722	1.215	1
1.825	3.45	0	0.825	0.0184743	-0.00210156	-0.00201495	1	1
1.825	3.45	0	0.95	0.0185532	-0.00174209	-0.00121726	1	1
1.875	3.45	0	-0.775	0.00272269	-0.00046213	-0.000359683	1	1
1.875	3.45	0	-0.525	0.00628147	-0.0034438	-0.00043249	1	1
1.875	3.45	0	-0.3	0.0126227	-0.00288265	0.000706867	0.87	1
1.875	3.45	0	-0.1	0.0133804	-0.00533404	-0.00381527	1	1
1.875	3.45	0	0.1	0.0165761	-0.00406914	-0.00227226	1	1
1.875	3.45	0	0.3	0.0187305	-0.00206865	0.000235293	0.92	1
1.875	3.45	0	0.5	0.0156771	-0.00220928	-0.00556733	1	1
1.875	3.45	0	0.675	0.0149913	-0.000645236	-0.00160929	1	1
1.875	3.45	0	0.825	0.0158263	-0.000620813	-0.00042224	1	1
1.875	3.45	0	0.95	0.0150633	0.000281764	-0.00179945	1	1
1.925	3.45	0	-0.775	0.00472658	6.6936e-05	0.00197999	1	1
1.925	3.45	0	-0.525	0.00818879	-0.00083639	-0.00030632	1	1
1.925	3.45	0	-0.3	0.0108347	0.000214237	-0.00130775	0.97	1
1.925	3.45	0	-0.1	0.0142254	-0.000212404	-0.00177473	0.94	1
1.925	3.45	0	0.1	0.0158015	-0.000957726	-0.00201206	0.87	1
1.925	3.45	0	0.3	0.0171495	-0.00267556	0.00182757	0.87	1
1.925	3.45	0	0.5	0.0141456	0.000941356	-0.0015929	1	1
1.925	3.45	0	0.675	0.0134334	-0.00276069	-0.00884291	1	1
1.925	3.45	0	0.825	0.0135151	0.00148221	0.000332245	1	1
1.925	3.45	0	0.95	0.0156738	-0.00121528	-0.00252754	1	1
1.975	3.45	0	-0.775	0.00392243	-0.00144018	-0.00123319	1	1
1.975	3.45	0	-0.525	0.0046344	0.000319616	-0.00131805	1	1
1.975	3.45	0	-0.3	0.00696517	-0.000198775	-0.00355517	1	1
1.975	3.45	0	-0.1	0.0088662	-0.000349105	-0.000637126	1	1
1.975	3.45	0	0.1	0.00931056	-0.00075148	-0.00199293	1.19	1
1.975	3.45	0	0.3	0.0141053	0.000686261	-0.00112888	0.9	1
1.975	3.45	0	0.5	0.0149885	0.000944496	0.00114967	1	1
1.975	3.45	0	0.675	0.0147124	-0.00366366	-0.00607645	1.1	1
1.975	3.45	0	0.825	0.0189578	0.00223449	-0.00218641	1	1
1.975	3.45	0	0.95	0.025759	-0.000455104	-0.000191962	1	1
2.025	3.45	0	-0.775	0.00143554	-0.000190044	-0.000325842	1	1
2.025	3.45	0	-0.525	0.00266433	0.000854856	0.000553584	1	1
2.025	3.45	0	-0.3	0.004067	-0.000599782	-0.00149663	1	1
2.025	3.45	0	-0.1	0.00487745	0.00071945	-0.000111774	1	1
2.025	3.45	0	0.1	0.00613367	-0.00214221	-0.00178908	1.15	1
2.025	3.45	0	0.3	0.0120985	0.00118027	-0.00114573	0.82	1
2.025	3.45	0	0.5	0.013486	-0.00171702	-0.00382266	0.94	1
2.025	3.45	0	0.675	0.014386	-0.00404581	-0.00610195	1	1
2.025	3.45	0	0.825	0.0162355	0.00191274	-0.00126584	1.2	1
2.025	3.45	0	0.95	0.0329483	-0.000964025	0.00205654	1	1
2.075	3.45	0	-0.775	0.00269446	-0.000633093	0.000862985	1	1
2.075	3.45	0	-0.525	0.00177382	-0.00014455	-0.000191128	1	1
2.075	3.45	0	-0.3	0.00202892	0.000156911	2.73044e-05	1	1
2.075	3.45	0	-0.1	0.00422973	0.00172062	-0.000846553	1	1
2.075	3.45	0	0.1	0.00600514	-0.00107444	0.000181018	1	1
2.075	3.45	0	0.3	0.00929862	0.000617007	-0.00173883	1	1
2.075	3.45	0	0.5	0.0112318	-0.00174905	-0.00322338	1	1
2.075	3.45	0	0.675	0.00979144	-0.00192762	-0.0053441	1.31	1
2.075	3.45	0	0.825	0.0160364	-0.00305888	-0.00656482	1	1
2.075	3.45	0	0.95	0.0249843	-0.000758646	0.00107149	1	1
2.125	3.45	0	-0.775	0.00150948	0.000278554	0.00031743	1	1
2.125	3.45	0	-0.525	0.000709767	-1.97569e-05	7.00007e-07	1	1
2.125	3.45	0	-0.3	0.00162338	-0.000156382	-0.000179664	1	1
2.125	3.45	0	-0.1	0.00286203	-7.87713e-05	-0.000603617	1	1
2.125	3.45	0	0.1	0.00431257	0.000256797	-0.000876566	1	1
2.125	3.45	0	0.3	0.00469267	-0.0013183	-0.00275546	1.05	1
2.125	3.45	0	0.5	0.0069425	-0.000640638	-0.000750522	1	1
2.125	3.45	0	0.675	0.00906932	-0.00296688	-0.00354916	1	1
2.125	3.45	0	0.825	0.00914746	-0.000293038	-0.00222155	1.3	1
2.125	3.45	0	0.95	0.0174983	-0.00233361	0.00222846	1	1
2.175	3.45	0	-0.775	0.00132748	0.000664565	0.000794943	1	1
2.175	3.45	0	-0.525	0.0012463	-0.000630675	-0.000223718	1	1
2.175	3.45	0	-0.3	0.00152449	-0.000504717	-0.000281453	1	1
2.175	3.45	0	-0.1	0.00251229	-0.000262294	-0.000134291	1	1
2.175	3.45	0	0.1	0.00356905	-0.000478036	-0.00145056	1	1
2.175	3.45	0	0.3	0.00404195	-0.000304661	-0.000729987	1	1
2.175	3.45	0	0.5	0.00622578	0.000394543	-0.000844941	0.87	1
2.175	3.45	0	0.675	0.00485706	-0.00051081	-0.00241999	1.15	1
2.175	3.45	0	0.825	0.0076068	-0.00155392	-0.00345631	1	1
2.175	3.45	0	0.95	0.0112691	0.000773675	-0.00306676	1	1
