Channel	Q^2	W, GeV	Quantity	Uncertainty
F2	1.750000	1.200000	0.045045	0.000000
F2	1.750000	1.220000	0.055901	0.000000
F2	1.750000	1.240000	0.045643	0.000000
F2	1.750000	1.260000	0.036134	0.000000
F2	1.750000	1.280000	0.030567	0.000000
F2	1.750000	1.300000	0.022612	0.000000
F2	1.750000	1.320000	0.019952	0.000000
F2	1.750000	1.340000	0.018095	0.000000
F2	1.750000	1.360000	0.012429	0.000000
F2	1.750000	1.380000	0.017417	0.000000
F2	1.800000	1.200000	0.043474	0.000000
F2	1.800000	1.220000	0.053516	0.000000
F2	1.800000	1.240000	0.044002	0.000000
F2	1.800000	1.260000	0.035007	0.000000
F2	1.800000	1.280000	0.029721	0.000000
F2	1.800000	1.300000	0.022420	0.000000
F2	1.800000	1.320000	0.019901	0.000000
F2	1.800000	1.340000	0.018209	0.000000
F2	1.800000	1.360000	0.013165	0.000000
F2	1.800000	1.380000	0.017560	0.000000
F2	1.850000	1.200000	0.041877	0.000000
F2	1.850000	1.220000	0.051181	0.000000
F2	1.850000	1.240000	0.042351	0.000000
F2	1.850000	1.260000	0.033846	0.000000
F2	1.850000	1.280000	0.028833	0.000000
F2	1.850000	1.300000	0.022126	0.000000
F2	1.850000	1.320000	0.019744	0.000000
F2	1.850000	1.340000	0.018205	0.000000
F2	1.850000	1.360000	0.013713	0.000000
F2	1.850000	1.380000	0.017589	0.000000
F2	1.900000	1.200000	0.040276	0.000000
F2	1.900000	1.220000	0.048912	0.000000
F2	1.900000	1.240000	0.040708	0.000000
F2	1.900000	1.260000	0.032669	0.000000
F2	1.900000	1.280000	0.027920	0.000000
F2	1.900000	1.300000	0.021754	0.000000
F2	1.900000	1.320000	0.019505	0.000000
F2	1.900000	1.340000	0.018106	0.000000
F2	1.900000	1.360000	0.014106	0.000000
F2	1.900000	1.380000	0.017526	0.000000
F2	1.950000	1.200000	0.038688	0.000000
F2	1.950000	1.220000	0.046717	0.000000
F2	1.950000	1.240000	0.039087	0.000000
F2	1.950000	1.260000	0.031491	0.000000
F2	1.950000	1.280000	0.026995	0.000000
F2	1.950000	1.300000	0.021321	0.000000
F2	1.950000	1.320000	0.019201	0.000000
F2	1.950000	1.340000	0.017929	0.000000
F2	1.950000	1.360000	0.014368	0.000000
F2	1.950000	1.380000	0.017388	0.000000
F2	2.000000	1.200000	0.037126	0.000000
F2	2.000000	1.220000	0.044603	0.000000
F2	2.000000	1.240000	0.037501	0.000000
F2	2.000000	1.260000	0.030322	0.000000
F2	2.000000	1.280000	0.026069	0.000000
F2	2.000000	1.300000	0.020843	0.000000
F2	2.000000	1.320000	0.018846	0.000000
F2	2.000000	1.340000	0.017692	0.000000
F2	2.000000	1.360000	0.014523	0.000000
F2	2.000000	1.380000	0.017189	0.000000
F2	2.050000	1.200000	0.035600	0.000000
F2	2.050000	1.220000	0.042573	0.000000
F2	2.050000	1.240000	0.035955	0.000000
F2	2.050000	1.260000	0.029172	0.000000
F2	2.050000	1.280000	0.025151	0.000000
F2	2.050000	1.300000	0.020333	0.000000
F2	2.050000	1.320000	0.018453	0.000000
F2	2.050000	1.340000	0.017407	0.000000
F2	2.050000	1.360000	0.014587	0.000000
F2	2.050000	1.380000	0.016942	0.000000
F2	2.100000	1.200000	0.034116	0.000000
F2	2.100000	1.220000	0.040628	0.000000
F2	2.100000	1.240000	0.034457	0.000000
F2	2.100000	1.260000	0.028047	0.000000
F2	2.100000	1.280000	0.024245	0.000000
F2	2.100000	1.300000	0.019801	0.000000
F2	2.100000	1.320000	0.018031	0.000000
F2	2.100000	1.340000	0.017085	0.000000
F2	2.100000	1.360000	0.014578	0.000000
F2	2.100000	1.380000	0.016658	0.000000
F2	2.150000	1.200000	0.032679	0.000000
F2	2.150000	1.220000	0.038769	0.000000
F2	2.150000	1.240000	0.033010	0.000000
F2	2.150000	1.260000	0.026952	0.000000
F2	2.150000	1.280000	0.023358	0.000000
F2	2.150000	1.300000	0.019254	0.000000
F2	2.150000	1.320000	0.017590	0.000000
F2	2.150000	1.340000	0.016734	0.000000
F2	2.150000	1.360000	0.014507	0.000000
F2	2.150000	1.380000	0.016343	0.000000
F2	2.200000	1.200000	0.031293	0.000000
F2	2.200000	1.220000	0.036996	0.000000
F2	2.200000	1.240000	0.031616	0.000000
F2	2.200000	1.260000	0.025888	0.000000
F2	2.200000	1.280000	0.022492	0.000000
F2	2.200000	1.300000	0.018700	0.000000
F2	2.200000	1.320000	0.017135	0.000000
F2	2.200000	1.340000	0.016361	0.000000
F2	2.200000	1.360000	0.014386	0.000000
F2	2.200000	1.380000	0.016006	0.000000
F2	2.250000	1.200000	0.029958	0.000000
F2	2.250000	1.220000	0.035306	0.000000
F2	2.250000	1.240000	0.030276	0.000000
F2	2.250000	1.260000	0.024860	0.000000
F2	2.250000	1.280000	0.021649	0.000000
F2	2.250000	1.300000	0.018144	0.000000
F2	2.250000	1.320000	0.016672	0.000000
F2	2.250000	1.340000	0.015974	0.000000
F2	2.250000	1.360000	0.014224	0.000000
F2	2.250000	1.380000	0.015653	0.000000
F2	2.300000	1.200000	0.028676	0.000000
F2	2.300000	1.220000	0.033698	0.000000
F2	2.300000	1.240000	0.028991	0.000000
F2	2.300000	1.260000	0.023867	0.000000
F2	2.300000	1.280000	0.020833	0.000000
F2	2.300000	1.300000	0.017589	0.000000
F2	2.300000	1.320000	0.016206	0.000000
F2	2.300000	1.340000	0.015577	0.000000
F2	2.300000	1.360000	0.014029	0.000000
F2	2.300000	1.380000	0.015288	0.000000
F2	2.350000	1.200000	0.027448	0.000000
F2	2.350000	1.220000	0.032168	0.000000
F2	2.350000	1.240000	0.027759	0.000000
F2	2.350000	1.260000	0.022912	0.000000
F2	2.350000	1.280000	0.020044	0.000000
F2	2.350000	1.300000	0.017039	0.000000
F2	2.350000	1.320000	0.015739	0.000000
F2	2.350000	1.340000	0.015174	0.000000
F2	2.350000	1.360000	0.013808	0.000000
F2	2.350000	1.380000	0.014914	0.000000
F2	2.400000	1.200000	0.026272	0.000000
F2	2.400000	1.220000	0.030714	0.000000
F2	2.400000	1.240000	0.026581	0.000000
F2	2.400000	1.260000	0.021993	0.000000
F2	2.400000	1.280000	0.019282	0.000000
F2	2.400000	1.300000	0.016498	0.000000
F2	2.400000	1.320000	0.015276	0.000000
F2	2.400000	1.340000	0.014768	0.000000
F2	2.400000	1.360000	0.013565	0.000000
F2	2.400000	1.380000	0.014537	0.000000
F2	2.450000	1.200000	0.025147	0.000000
F2	2.450000	1.220000	0.029332	0.000000
F2	2.450000	1.240000	0.025456	0.000000
F2	2.450000	1.260000	0.021111	0.000000
F2	2.450000	1.280000	0.018547	0.000000
F2	2.450000	1.300000	0.015966	0.000000
F2	2.450000	1.320000	0.014817	0.000000
F2	2.450000	1.340000	0.014362	0.000000
F2	2.450000	1.360000	0.013306	0.000000
F2	2.450000	1.380000	0.014158	0.000000
F2	2.500000	1.200000	0.024073	0.000000
F2	2.500000	1.220000	0.028020	0.000000
F2	2.500000	1.240000	0.024382	0.000000
F2	2.500000	1.260000	0.020266	0.000000
F2	2.500000	1.280000	0.017840	0.000000
F2	2.500000	1.300000	0.015445	0.000000
F2	2.500000	1.320000	0.014366	0.000000
F2	2.500000	1.340000	0.013959	0.000000
F2	2.500000	1.360000	0.013035	0.000000
F2	2.500000	1.380000	0.013780	0.000000
F2	2.550000	1.200000	0.023048	0.000000
F2	2.550000	1.220000	0.026774	0.000000
F2	2.550000	1.240000	0.023356	0.000000
F2	2.550000	1.260000	0.019456	0.000000
F2	2.550000	1.280000	0.017161	0.000000
F2	2.550000	1.300000	0.014937	0.000000
F2	2.550000	1.320000	0.013922	0.000000
F2	2.550000	1.340000	0.013560	0.000000
F2	2.550000	1.360000	0.012755	0.000000
F2	2.550000	1.380000	0.013404	0.000000
F2	2.600000	1.200000	0.022070	0.000000
F2	2.600000	1.220000	0.025591	0.000000
F2	2.600000	1.240000	0.022378	0.000000
F2	2.600000	1.260000	0.018680	0.000000
F2	2.600000	1.280000	0.016509	0.000000
F2	2.600000	1.300000	0.014443	0.000000
F2	2.600000	1.320000	0.013489	0.000000
F2	2.600000	1.340000	0.013166	0.000000
F2	2.600000	1.360000	0.012468	0.000000
F2	2.600000	1.380000	0.013032	0.000000
F2	2.650000	1.200000	0.021137	0.000000
F2	2.650000	1.220000	0.024468	0.000000
F2	2.650000	1.240000	0.021445	0.000000
F2	2.650000	1.260000	0.017938	0.000000
F2	2.650000	1.280000	0.015883	0.000000
F2	2.650000	1.300000	0.013962	0.000000
F2	2.650000	1.320000	0.013065	0.000000
F2	2.650000	1.340000	0.012780	0.000000
F2	2.650000	1.360000	0.012178	0.000000
F2	2.650000	1.380000	0.012665	0.000000
F2	2.700000	1.200000	0.020248	0.000000
F2	2.700000	1.220000	0.023402	0.000000
F2	2.700000	1.240000	0.020556	0.000000
F2	2.700000	1.260000	0.017228	0.000000
F2	2.700000	1.280000	0.015282	0.000000
F2	2.700000	1.300000	0.013496	0.000000
F2	2.700000	1.320000	0.012652	0.000000
F2	2.700000	1.340000	0.012401	0.000000
F2	2.700000	1.360000	0.011886	0.000000
F2	2.700000	1.380000	0.012304	0.000000
F2	2.750000	1.200000	0.019401	0.000000
F2	2.750000	1.220000	0.022390	0.000000
F2	2.750000	1.240000	0.019708	0.000000
F2	2.750000	1.260000	0.016549	0.000000
F2	2.750000	1.280000	0.014706	0.000000
F2	2.750000	1.300000	0.013045	0.000000
F2	2.750000	1.320000	0.012251	0.000000
F2	2.750000	1.340000	0.012030	0.000000
F2	2.750000	1.360000	0.011593	0.000000
F2	2.750000	1.380000	0.011951	0.000000
F2	2.800000	1.200000	0.018593	0.000000
F2	2.800000	1.220000	0.021428	0.000000
F2	2.800000	1.240000	0.018901	0.000000
F2	2.800000	1.260000	0.015901	0.000000
F2	2.800000	1.280000	0.014155	0.000000
F2	2.800000	1.300000	0.012608	0.000000
F2	2.800000	1.320000	0.011861	0.000000
F2	2.800000	1.340000	0.011668	0.000000
F2	2.800000	1.360000	0.011302	0.000000
F2	2.800000	1.380000	0.011604	0.000000
F2	2.850000	1.200000	0.017824	0.000000
F2	2.850000	1.220000	0.020515	0.000000
F2	2.850000	1.240000	0.018131	0.000000
F2	2.850000	1.260000	0.015281	0.000000
F2	2.850000	1.280000	0.013626	0.000000
F2	2.850000	1.300000	0.012185	0.000000
F2	2.850000	1.320000	0.011482	0.000000
F2	2.850000	1.340000	0.011316	0.000000
F2	2.850000	1.360000	0.011013	0.000000
F2	2.850000	1.380000	0.011266	0.000000
F2	2.900000	1.200000	0.017091	0.000000
F2	2.900000	1.220000	0.019648	0.000000
F2	2.900000	1.240000	0.017397	0.000000
F2	2.900000	1.260000	0.014688	0.000000
F2	2.900000	1.280000	0.013120	0.000000
F2	2.900000	1.300000	0.011777	0.000000
F2	2.900000	1.320000	0.011115	0.000000
F2	2.900000	1.340000	0.010972	0.000000
F2	2.900000	1.360000	0.010726	0.000000
F2	2.900000	1.380000	0.010936	0.000000
F2	2.950000	1.200000	0.016393	0.000000
F2	2.950000	1.220000	0.018824	0.000000
F2	2.950000	1.240000	0.016698	0.000000
F2	2.950000	1.260000	0.014122	0.000000
F2	2.950000	1.280000	0.012634	0.000000
F2	2.950000	1.300000	0.011383	0.000000
F2	2.950000	1.320000	0.010760	0.000000
F2	2.950000	1.340000	0.010638	0.000000
F2	2.950000	1.360000	0.010444	0.000000
F2	2.950000	1.380000	0.010614	0.000000
F2	3.000000	1.200000	0.015728	0.000000
F2	3.000000	1.220000	0.018041	0.000000
F2	3.000000	1.240000	0.016032	0.000000
F2	3.000000	1.260000	0.013581	0.000000
F2	3.000000	1.280000	0.012170	0.000000
F2	3.000000	1.300000	0.011002	0.000000
F2	3.000000	1.320000	0.010416	0.000000
F2	3.000000	1.340000	0.010314	0.000000
F2	3.000000	1.360000	0.010166	0.000000
F2	3.000000	1.380000	0.010301	0.000000
F2	3.050000	1.200000	0.015094	0.000000
F2	3.050000	1.220000	0.017296	0.000000
F2	3.050000	1.240000	0.015397	0.000000
F2	3.050000	1.260000	0.013064	0.000000
F2	3.050000	1.280000	0.011725	0.000000
F2	3.050000	1.300000	0.010636	0.000000
F2	3.050000	1.320000	0.010084	0.000000
F2	3.050000	1.340000	0.010000	0.000000
F2	3.050000	1.360000	0.009894	0.000000
F2	3.050000	1.380000	0.009996	0.000000
F2	3.100000	1.200000	0.014489	0.000000
F2	3.100000	1.220000	0.016588	0.000000
F2	3.100000	1.240000	0.014791	0.000000
F2	3.100000	1.260000	0.012570	0.000000
F2	3.100000	1.280000	0.011298	0.000000
F2	3.100000	1.300000	0.010282	0.000000
F2	3.100000	1.320000	0.009763	0.000000
F2	3.100000	1.340000	0.009694	0.000000
F2	3.100000	1.360000	0.009626	0.000000
F2	3.100000	1.380000	0.009700	0.000000
F2	3.150000	1.200000	0.013913	0.000000
F2	3.150000	1.220000	0.015914	0.000000
F2	3.150000	1.240000	0.014213	0.000000
F2	3.150000	1.260000	0.012098	0.000000
F2	3.150000	1.280000	0.010890	0.000000
F2	3.150000	1.300000	0.009942	0.000000
F2	3.150000	1.320000	0.009452	0.000000
F2	3.150000	1.340000	0.009399	0.000000
F2	3.150000	1.360000	0.009364	0.000000
F2	3.150000	1.380000	0.009412	0.000000
F2	3.200000	1.200000	0.013364	0.000000
F2	3.200000	1.220000	0.015273	0.000000
F2	3.200000	1.240000	0.013662	0.000000
F2	3.200000	1.260000	0.011646	0.000000
F2	3.200000	1.280000	0.010499	0.000000
F2	3.200000	1.300000	0.009613	0.000000
F2	3.200000	1.320000	0.009152	0.000000
F2	3.200000	1.340000	0.009112	0.000000
F2	3.200000	1.360000	0.009108	0.000000
F2	3.200000	1.380000	0.009133	0.000000
F2	3.250000	1.200000	0.012840	0.000000
F2	3.250000	1.220000	0.014663	0.000000
F2	3.250000	1.240000	0.013136	0.000000
F2	3.250000	1.260000	0.011215	0.000000
F2	3.250000	1.280000	0.010124	0.000000
F2	3.250000	1.300000	0.009297	0.000000
F2	3.250000	1.320000	0.008862	0.000000
F2	3.250000	1.340000	0.008834	0.000000
F2	3.250000	1.360000	0.008858	0.000000
F2	3.250000	1.380000	0.008863	0.000000
F2	3.300000	1.200000	0.012340	0.000000
F2	3.300000	1.220000	0.014082	0.000000
F2	3.300000	1.240000	0.012634	0.000000
F2	3.300000	1.260000	0.010801	0.000000
F2	3.300000	1.280000	0.009765	0.000000
F2	3.300000	1.300000	0.008992	0.000000
F2	3.300000	1.320000	0.008582	0.000000
F2	3.300000	1.340000	0.008566	0.000000
F2	3.300000	1.360000	0.008613	0.000000
F2	3.300000	1.380000	0.008600	0.000000
F2	3.350000	1.200000	0.011863	0.000000
F2	3.350000	1.220000	0.013528	0.000000
F2	3.350000	1.240000	0.012154	0.000000
F2	3.350000	1.260000	0.010406	0.000000
F2	3.350000	1.280000	0.009421	0.000000
F2	3.350000	1.300000	0.008698	0.000000
F2	3.350000	1.320000	0.008312	0.000000
F2	3.350000	1.340000	0.008306	0.000000
F2	3.350000	1.360000	0.008375	0.000000
F2	3.350000	1.380000	0.008346	0.000000
F2	3.400000	1.200000	0.011409	0.000000
F2	3.400000	1.220000	0.013000	0.000000
F2	3.400000	1.240000	0.011696	0.000000
F2	3.400000	1.260000	0.010028	0.000000
F2	3.400000	1.280000	0.009091	0.000000
F2	3.400000	1.300000	0.008416	0.000000
F2	3.400000	1.320000	0.008051	0.000000
F2	3.400000	1.340000	0.008055	0.000000
F2	3.400000	1.360000	0.008143	0.000000
F2	3.400000	1.380000	0.008099	0.000000
F2	3.450000	1.200000	0.010974	0.000000
F2	3.450000	1.220000	0.012497	0.000000
F2	3.450000	1.240000	0.011259	0.000000
F2	3.450000	1.260000	0.009666	0.000000
F2	3.450000	1.280000	0.008775	0.000000
F2	3.450000	1.300000	0.008143	0.000000
F2	3.450000	1.320000	0.007800	0.000000
F2	3.450000	1.340000	0.007811	0.000000
F2	3.450000	1.360000	0.007917	0.000000
F2	3.450000	1.380000	0.007860	0.000000
F2	3.500000	1.200000	0.010559	0.000000
F2	3.500000	1.220000	0.012018	0.000000
F2	3.500000	1.240000	0.010841	0.000000
F2	3.500000	1.260000	0.009320	0.000000
F2	3.500000	1.280000	0.008471	0.000000
F2	3.500000	1.300000	0.007881	0.000000
F2	3.500000	1.320000	0.007557	0.000000
F2	3.500000	1.340000	0.007576	0.000000
F2	3.500000	1.360000	0.007698	0.000000
F2	3.500000	1.380000	0.007629	0.000000
F2	3.550000	1.200000	0.010162	0.000000
F2	3.550000	1.220000	0.011559	0.000000
F2	3.550000	1.240000	0.010442	0.000000
F2	3.550000	1.260000	0.008988	0.000000
F2	3.550000	1.280000	0.008180	0.000000
F2	3.550000	1.300000	0.007628	0.000000
F2	3.550000	1.320000	0.007322	0.000000
F2	3.550000	1.340000	0.007349	0.000000
F2	3.550000	1.360000	0.007484	0.000000
F2	3.550000	1.380000	0.007405	0.000000
F2	3.600000	1.200000	0.009784	0.000000
F2	3.600000	1.220000	0.011123	0.000000
F2	3.600000	1.240000	0.010060	0.000000
F2	3.600000	1.260000	0.008671	0.000000
F2	3.600000	1.280000	0.007900	0.000000
F2	3.600000	1.300000	0.007384	0.000000
F2	3.600000	1.320000	0.007096	0.000000
F2	3.600000	1.340000	0.007129	0.000000
F2	3.600000	1.360000	0.007276	0.000000
F2	3.600000	1.380000	0.007188	0.000000
F2	3.650000	1.200000	0.009422	0.000000
F2	3.650000	1.220000	0.010706	0.000000
F2	3.650000	1.240000	0.009694	0.000000
F2	3.650000	1.260000	0.008366	0.000000
F2	3.650000	1.280000	0.007633	0.000000
F2	3.650000	1.300000	0.007150	0.000000
F2	3.650000	1.320000	0.006878	0.000000
F2	3.650000	1.340000	0.006916	0.000000
F2	3.650000	1.360000	0.007074	0.000000
F2	3.650000	1.380000	0.006978	0.000000
F2	3.700000	1.200000	0.009075	0.000000
F2	3.700000	1.220000	0.010307	0.000000
F2	3.700000	1.240000	0.009344	0.000000
F2	3.700000	1.260000	0.008074	0.000000
F2	3.700000	1.280000	0.007375	0.000000
F2	3.700000	1.300000	0.006924	0.000000
F2	3.700000	1.320000	0.006667	0.000000
F2	3.700000	1.340000	0.006710	0.000000
F2	3.700000	1.360000	0.006878	0.000000
F2	3.700000	1.380000	0.006775	0.000000
F2	3.750000	1.200000	0.008744	0.000000
F2	3.750000	1.220000	0.009926	0.000000
F2	3.750000	1.240000	0.009010	0.000000
F2	3.750000	1.260000	0.007794	0.000000
F2	3.750000	1.280000	0.007128	0.000000
F2	3.750000	1.300000	0.006706	0.000000
F2	3.750000	1.320000	0.006464	0.000000
F2	3.750000	1.340000	0.006511	0.000000
F2	3.750000	1.360000	0.006687	0.000000
F2	3.750000	1.380000	0.006578	0.000000
F2	3.800000	1.200000	0.008427	0.000000
F2	3.800000	1.220000	0.009563	0.000000
F2	3.800000	1.240000	0.008689	0.000000
F2	3.800000	1.260000	0.007526	0.000000
F2	3.800000	1.280000	0.006891	0.000000
F2	3.800000	1.300000	0.006496	0.000000
F2	3.800000	1.320000	0.006267	0.000000
F2	3.800000	1.340000	0.006319	0.000000
F2	3.800000	1.360000	0.006502	0.000000
F2	3.800000	1.380000	0.006387	0.000000
F2	3.850000	1.200000	0.008123	0.000000
F2	3.850000	1.220000	0.009214	0.000000
F2	3.850000	1.240000	0.008383	0.000000
F2	3.850000	1.260000	0.007269	0.000000
F2	3.850000	1.280000	0.006663	0.000000
F2	3.850000	1.300000	0.006293	0.000000
F2	3.850000	1.320000	0.006078	0.000000
F2	3.850000	1.340000	0.006133	0.000000
F2	3.850000	1.360000	0.006322	0.000000
F2	3.850000	1.380000	0.006203	0.000000
F2	3.900000	1.200000	0.007833	0.000000
F2	3.900000	1.220000	0.008882	0.000000
F2	3.900000	1.240000	0.008089	0.000000
F2	3.900000	1.260000	0.007022	0.000000
F2	3.900000	1.280000	0.006444	0.000000
F2	3.900000	1.300000	0.006098	0.000000
F2	3.900000	1.320000	0.005894	0.000000
F2	3.900000	1.340000	0.005954	0.000000
F2	3.900000	1.360000	0.006148	0.000000
F2	3.900000	1.380000	0.006024	0.000000
F2	3.950000	1.200000	0.007555	0.000000
F2	3.950000	1.220000	0.008563	0.000000
F2	3.950000	1.240000	0.007807	0.000000
F2	3.950000	1.260000	0.006785	0.000000
F2	3.950000	1.280000	0.006233	0.000000
F2	3.950000	1.300000	0.005910	0.000000
F2	3.950000	1.320000	0.005718	0.000000
F2	3.950000	1.340000	0.005780	0.000000
F2	3.950000	1.360000	0.005978	0.000000
F2	3.950000	1.380000	0.005852	0.000000
F2	4.000000	1.200000	0.007288	0.000000
F2	4.000000	1.220000	0.008258	0.000000
F2	4.000000	1.240000	0.007537	0.000000
F2	4.000000	1.260000	0.006558	0.000000
F2	4.000000	1.280000	0.006031	0.000000
F2	4.000000	1.300000	0.005729	0.000000
F2	4.000000	1.320000	0.005547	0.000000
F2	4.000000	1.340000	0.005612	0.000000
F2	4.000000	1.360000	0.005814	0.000000
F2	4.000000	1.380000	0.005684	0.000000
F2	4.050000	1.200000	0.007033	0.000000
F2	4.050000	1.220000	0.007966	0.000000
F2	4.050000	1.240000	0.007278	0.000000
F2	4.050000	1.260000	0.006339	0.000000
F2	4.050000	1.280000	0.005836	0.000000
F2	4.050000	1.300000	0.005554	0.000000
F2	4.050000	1.320000	0.005382	0.000000
F2	4.050000	1.340000	0.005449	0.000000
F2	4.050000	1.360000	0.005654	0.000000
F2	4.050000	1.380000	0.005523	0.000000
F2	4.100000	1.200000	0.006788	0.000000
F2	4.100000	1.220000	0.007686	0.000000
F2	4.100000	1.240000	0.007029	0.000000
F2	4.100000	1.260000	0.006129	0.000000
F2	4.100000	1.280000	0.005649	0.000000
F2	4.100000	1.300000	0.005385	0.000000
F2	4.100000	1.320000	0.005223	0.000000
F2	4.100000	1.340000	0.005292	0.000000
F2	4.100000	1.360000	0.005500	0.000000
F2	4.100000	1.380000	0.005366	0.000000
F2	4.150000	1.200000	0.006553	0.000000
F2	4.150000	1.220000	0.007418	0.000000
F2	4.150000	1.240000	0.006791	0.000000
F2	4.150000	1.260000	0.005928	0.000000
F2	4.150000	1.280000	0.005469	0.000000
F2	4.150000	1.300000	0.005222	0.000000
F2	4.150000	1.320000	0.005069	0.000000
F2	4.150000	1.340000	0.005140	0.000000
F2	4.150000	1.360000	0.005349	0.000000
F2	4.150000	1.380000	0.005214	0.000000
F2	4.200000	1.200000	0.006328	0.000000
F2	4.200000	1.220000	0.007161	0.000000
F2	4.200000	1.240000	0.006562	0.000000
F2	4.200000	1.260000	0.005734	0.000000
F2	4.200000	1.280000	0.005296	0.000000
F2	4.200000	1.300000	0.005065	0.000000
F2	4.200000	1.320000	0.004921	0.000000
F2	4.200000	1.340000	0.004993	0.000000
F2	4.200000	1.360000	0.005204	0.000000
F2	4.200000	1.380000	0.005067	0.000000
F2	4.250000	1.200000	0.006112	0.000000
F2	4.250000	1.220000	0.006915	0.000000
F2	4.250000	1.240000	0.006342	0.000000
F2	4.250000	1.260000	0.005548	0.000000
F2	4.250000	1.280000	0.005129	0.000000
F2	4.250000	1.300000	0.004913	0.000000
F2	4.250000	1.320000	0.004777	0.000000
F2	4.250000	1.340000	0.004850	0.000000
F2	4.250000	1.360000	0.005062	0.000000
F2	4.250000	1.380000	0.004925	0.000000
F2	4.300000	1.200000	0.005905	0.000000
F2	4.300000	1.220000	0.006678	0.000000
F2	4.300000	1.240000	0.006131	0.000000
F2	4.300000	1.260000	0.005368	0.000000
F2	4.300000	1.280000	0.004968	0.000000
F2	4.300000	1.300000	0.004767	0.000000
F2	4.300000	1.320000	0.004638	0.000000
F2	4.300000	1.340000	0.004713	0.000000
F2	4.300000	1.360000	0.004925	0.000000
F2	4.300000	1.380000	0.004787	0.000000
F2	4.350000	1.200000	0.005706	0.000000
F2	4.350000	1.220000	0.006452	0.000000
F2	4.350000	1.240000	0.005929	0.000000
F2	4.350000	1.260000	0.005196	0.000000
F2	4.350000	1.280000	0.004813	0.000000
F2	4.350000	1.300000	0.004625	0.000000
F2	4.350000	1.320000	0.004504	0.000000
F2	4.350000	1.340000	0.004579	0.000000
F2	4.350000	1.360000	0.004792	0.000000
F2	4.350000	1.380000	0.004653	0.000000
F2	4.400000	1.200000	0.005514	0.000000
F2	4.400000	1.220000	0.006234	0.000000
F2	4.400000	1.240000	0.005734	0.000000
F2	4.400000	1.260000	0.005030	0.000000
F2	4.400000	1.280000	0.004664	0.000000
F2	4.400000	1.300000	0.004489	0.000000
F2	4.400000	1.320000	0.004375	0.000000
F2	4.400000	1.340000	0.004450	0.000000
F2	4.400000	1.360000	0.004663	0.000000
F2	4.400000	1.380000	0.004524	0.000000
F2	4.450000	1.200000	0.005331	0.000000
F2	4.450000	1.220000	0.006025	0.000000
F2	4.450000	1.240000	0.005547	0.000000
F2	4.450000	1.260000	0.004871	0.000000
F2	4.450000	1.280000	0.004520	0.000000
F2	4.450000	1.300000	0.004357	0.000000
F2	4.450000	1.320000	0.004249	0.000000
F2	4.450000	1.340000	0.004326	0.000000
F2	4.450000	1.360000	0.004538	0.000000
F2	4.450000	1.380000	0.004399	0.000000
F2	4.500000	1.200000	0.005154	0.000000
F2	4.500000	1.220000	0.005824	0.000000
F2	4.500000	1.240000	0.005366	0.000000
F2	4.500000	1.260000	0.004717	0.000000
F2	4.500000	1.280000	0.004382	0.000000
F2	4.500000	1.300000	0.004230	0.000000
F2	4.500000	1.320000	0.004128	0.000000
F2	4.500000	1.340000	0.004205	0.000000
F2	4.500000	1.360000	0.004416	0.000000
F2	4.500000	1.380000	0.004278	0.000000
F2	4.550000	1.200000	0.004985	0.000000
F2	4.550000	1.220000	0.005632	0.000000
F2	4.550000	1.240000	0.005193	0.000000
F2	4.550000	1.260000	0.004569	0.000000
F2	4.550000	1.280000	0.004248	0.000000
F2	4.550000	1.300000	0.004107	0.000000
F2	4.550000	1.320000	0.004011	0.000000
F2	4.550000	1.340000	0.004088	0.000000
F2	4.550000	1.360000	0.004298	0.000000
F2	4.550000	1.380000	0.004160	0.000000
F2	4.600000	1.200000	0.004822	0.000000
F2	4.600000	1.220000	0.005446	0.000000
F2	4.600000	1.240000	0.005027	0.000000
F2	4.600000	1.260000	0.004427	0.000000
F2	4.600000	1.280000	0.004120	0.000000
F2	4.600000	1.300000	0.003988	0.000000
F2	4.600000	1.320000	0.003897	0.000000
F2	4.600000	1.340000	0.003975	0.000000
F2	4.600000	1.360000	0.004184	0.000000
F2	4.600000	1.380000	0.004047	0.000000
F2	4.650000	1.200000	0.004665	0.000000
F2	4.650000	1.220000	0.005268	0.000000
F2	4.650000	1.240000	0.004866	0.000000
F2	4.650000	1.260000	0.004289	0.000000
F2	4.650000	1.280000	0.003995	0.000000
F2	4.650000	1.300000	0.003873	0.000000
F2	4.650000	1.320000	0.003788	0.000000
F2	4.650000	1.340000	0.003865	0.000000
F2	4.650000	1.360000	0.004073	0.000000
F2	4.650000	1.380000	0.003937	0.000000
F2	4.700000	1.200000	0.004514	0.000000
F2	4.700000	1.220000	0.005097	0.000000
F2	4.700000	1.240000	0.004712	0.000000
F2	4.700000	1.260000	0.004157	0.000000
F2	4.700000	1.280000	0.003876	0.000000
F2	4.700000	1.300000	0.003762	0.000000
F2	4.700000	1.320000	0.003682	0.000000
F2	4.700000	1.340000	0.003759	0.000000
F2	4.700000	1.360000	0.003965	0.000000
F2	4.700000	1.380000	0.003830	0.000000
F2	4.750000	1.200000	0.004369	0.000000
F2	4.750000	1.220000	0.004932	0.000000
F2	4.750000	1.240000	0.004563	0.000000
F2	4.750000	1.260000	0.004029	0.000000
F2	4.750000	1.280000	0.003760	0.000000
F2	4.750000	1.300000	0.003654	0.000000
F2	4.750000	1.320000	0.003579	0.000000
F2	4.750000	1.340000	0.003656	0.000000
F2	4.750000	1.360000	0.003861	0.000000
F2	4.750000	1.380000	0.003726	0.000000
F2	4.800000	1.200000	0.004229	0.000000
F2	4.800000	1.220000	0.004774	0.000000
F2	4.800000	1.240000	0.004420	0.000000
F2	4.800000	1.260000	0.003907	0.000000
F2	4.800000	1.280000	0.003649	0.000000
F2	4.800000	1.300000	0.003551	0.000000
F2	4.800000	1.320000	0.003480	0.000000
F2	4.800000	1.340000	0.003556	0.000000
F2	4.800000	1.360000	0.003759	0.000000
F2	4.800000	1.380000	0.003626	0.000000
F2	4.850000	1.200000	0.004095	0.000000
F2	4.850000	1.220000	0.004621	0.000000
F2	4.850000	1.240000	0.004282	0.000000
F2	4.850000	1.260000	0.003788	0.000000
F2	4.850000	1.280000	0.003541	0.000000
F2	4.850000	1.300000	0.003450	0.000000
F2	4.850000	1.320000	0.003383	0.000000
F2	4.850000	1.340000	0.003460	0.000000
F2	4.850000	1.360000	0.003661	0.000000
F2	4.850000	1.380000	0.003529	0.000000
F2	4.900000	1.200000	0.003965	0.000000
F2	4.900000	1.220000	0.004474	0.000000
F2	4.900000	1.240000	0.004150	0.000000
F2	4.900000	1.260000	0.003674	0.000000
F2	4.900000	1.280000	0.003437	0.000000
F2	4.900000	1.300000	0.003353	0.000000
F2	4.900000	1.320000	0.003290	0.000000
F2	4.900000	1.340000	0.003366	0.000000
F2	4.900000	1.360000	0.003565	0.000000
F2	4.900000	1.380000	0.003434	0.000000
F2	4.950000	1.200000	0.003840	0.000000
F2	4.950000	1.220000	0.004333	0.000000
F2	4.950000	1.240000	0.004022	0.000000
F2	4.950000	1.260000	0.003563	0.000000
F2	4.950000	1.280000	0.003337	0.000000
F2	4.950000	1.300000	0.003259	0.000000
F2	4.950000	1.320000	0.003200	0.000000
F2	4.950000	1.340000	0.003276	0.000000
F2	4.950000	1.360000	0.003472	0.000000
F2	4.950000	1.380000	0.003343	0.000000
F2	5.000000	1.200000	0.003720	0.000000
F2	5.000000	1.220000	0.004197	0.000000
F2	5.000000	1.240000	0.003898	0.000000
F2	5.000000	1.260000	0.003457	0.000000
F2	5.000000	1.280000	0.003240	0.000000
F2	5.000000	1.300000	0.003168	0.000000
F2	5.000000	1.320000	0.003113	0.000000
F2	5.000000	1.340000	0.003188	0.000000
F2	5.000000	1.360000	0.003382	0.000000
F2	5.000000	1.380000	0.003254	0.000000
F2	5.050000	1.200000	0.003604	0.000000
F2	5.050000	1.220000	0.004066	0.000000
F2	5.050000	1.240000	0.003779	0.000000
F2	5.050000	1.260000	0.003354	0.000000
F2	5.050000	1.280000	0.003146	0.000000
F2	5.050000	1.300000	0.003080	0.000000
F2	5.050000	1.320000	0.003028	0.000000
F2	5.050000	1.340000	0.003103	0.000000
F2	5.050000	1.360000	0.003295	0.000000
F2	5.050000	1.380000	0.003168	0.000000
F2	5.100000	1.200000	0.003493	0.000000
F2	5.100000	1.220000	0.003940	0.000000
F2	5.100000	1.240000	0.003665	0.000000
F2	5.100000	1.260000	0.003255	0.000000
F2	5.100000	1.280000	0.003056	0.000000
F2	5.100000	1.300000	0.002995	0.000000
F2	5.100000	1.320000	0.002946	0.000000
F2	5.100000	1.340000	0.003021	0.000000
F2	5.100000	1.360000	0.003210	0.000000
F2	5.100000	1.380000	0.003085	0.000000
F2	5.150000	1.200000	0.003385	0.000000
F2	5.150000	1.220000	0.003818	0.000000
F2	5.150000	1.240000	0.003554	0.000000
F2	5.150000	1.260000	0.003159	0.000000
F2	5.150000	1.280000	0.002968	0.000000
F2	5.150000	1.300000	0.002913	0.000000
F2	5.150000	1.320000	0.002867	0.000000
F2	5.150000	1.340000	0.002941	0.000000
F2	5.150000	1.360000	0.003128	0.000000
F2	5.150000	1.380000	0.003004	0.000000
F2	5.200000	1.200000	0.003281	0.000000
F2	5.200000	1.220000	0.003700	0.000000
F2	5.200000	1.240000	0.003447	0.000000
F2	5.200000	1.260000	0.003067	0.000000
F2	5.200000	1.280000	0.002884	0.000000
F2	5.200000	1.300000	0.002833	0.000000
F2	5.200000	1.320000	0.002790	0.000000
F2	5.200000	1.340000	0.002863	0.000000
F2	5.200000	1.360000	0.003048	0.000000
F2	5.200000	1.380000	0.002926	0.000000
F2	5.250000	1.200000	0.003181	0.000000
F2	5.250000	1.220000	0.003587	0.000000
F2	5.250000	1.240000	0.003344	0.000000
F2	5.250000	1.260000	0.002978	0.000000
F2	5.250000	1.280000	0.002802	0.000000
F2	5.250000	1.300000	0.002756	0.000000
F2	5.250000	1.320000	0.002715	0.000000
F2	5.250000	1.340000	0.002788	0.000000
F2	5.250000	1.360000	0.002970	0.000000
F2	5.250000	1.380000	0.002850	0.000000
F2	5.300000	1.200000	0.003084	0.000000
F2	5.300000	1.220000	0.003478	0.000000
F2	5.300000	1.240000	0.003245	0.000000
F2	5.300000	1.260000	0.002891	0.000000
F2	5.300000	1.280000	0.002723	0.000000
F2	5.300000	1.300000	0.002681	0.000000
F2	5.300000	1.320000	0.002643	0.000000
F2	5.300000	1.340000	0.002715	0.000000
F2	5.300000	1.360000	0.002895	0.000000
F2	5.300000	1.380000	0.002776	0.000000
F2	5.350000	1.200000	0.002991	0.000000
F2	5.350000	1.220000	0.003373	0.000000
F2	5.350000	1.240000	0.003149	0.000000
F2	5.350000	1.260000	0.002808	0.000000
F2	5.350000	1.280000	0.002646	0.000000
F2	5.350000	1.300000	0.002609	0.000000
F2	5.350000	1.320000	0.002573	0.000000
F2	5.350000	1.340000	0.002644	0.000000
F2	5.350000	1.360000	0.002821	0.000000
F2	5.350000	1.380000	0.002705	0.000000
F2	5.400000	1.200000	0.002901	0.000000
F2	5.400000	1.220000	0.003271	0.000000
F2	5.400000	1.240000	0.003056	0.000000
F2	5.400000	1.260000	0.002727	0.000000
F2	5.400000	1.280000	0.002572	0.000000
F2	5.400000	1.300000	0.002538	0.000000
F2	5.400000	1.320000	0.002505	0.000000
F2	5.400000	1.340000	0.002576	0.000000
F2	5.400000	1.360000	0.002750	0.000000
F2	5.400000	1.380000	0.002635	0.000000
F2	5.450000	1.200000	0.002814	0.000000
F2	5.450000	1.220000	0.003173	0.000000
F2	5.450000	1.240000	0.002966	0.000000
F2	5.450000	1.260000	0.002650	0.000000
F2	5.450000	1.280000	0.002501	0.000000
F2	5.450000	1.300000	0.002470	0.000000
F2	5.450000	1.320000	0.002440	0.000000
F2	5.450000	1.340000	0.002509	0.000000
F2	5.450000	1.360000	0.002681	0.000000
F2	5.450000	1.380000	0.002568	0.000000
F2	5.500000	1.200000	0.002731	0.000000
F2	5.500000	1.220000	0.003078	0.000000
F2	5.500000	1.240000	0.002880	0.000000
F2	5.500000	1.260000	0.002574	0.000000
F2	5.500000	1.280000	0.002432	0.000000
F2	5.500000	1.300000	0.002405	0.000000
F2	5.500000	1.320000	0.002376	0.000000
F2	5.500000	1.340000	0.002445	0.000000
F2	5.500000	1.360000	0.002614	0.000000
F2	5.500000	1.380000	0.002502	0.000000
F2	5.550000	1.200000	0.002650	0.000000
F2	5.550000	1.220000	0.002987	0.000000
F2	5.550000	1.240000	0.002796	0.000000
F2	5.550000	1.260000	0.002501	0.000000
F2	5.550000	1.280000	0.002365	0.000000
F2	5.550000	1.300000	0.002341	0.000000
F2	5.550000	1.320000	0.002314	0.000000
F2	5.550000	1.340000	0.002382	0.000000
F2	5.550000	1.360000	0.002549	0.000000
F2	5.550000	1.380000	0.002439	0.000000
F2	5.600000	1.200000	0.002572	0.000000
F2	5.600000	1.220000	0.002899	0.000000
F2	5.600000	1.240000	0.002715	0.000000
F2	5.600000	1.260000	0.002431	0.000000
F2	5.600000	1.280000	0.002300	0.000000
F2	5.600000	1.300000	0.002279	0.000000
F2	5.600000	1.320000	0.002254	0.000000
F2	5.600000	1.340000	0.002321	0.000000
F2	5.600000	1.360000	0.002486	0.000000
F2	5.600000	1.380000	0.002377	0.000000
F2	5.650000	1.200000	0.002496	0.000000
F2	5.650000	1.220000	0.002814	0.000000
F2	5.650000	1.240000	0.002637	0.000000
F2	5.650000	1.260000	0.002363	0.000000
F2	5.650000	1.280000	0.002237	0.000000
F2	5.650000	1.300000	0.002219	0.000000
F2	5.650000	1.320000	0.002196	0.000000
F2	5.650000	1.340000	0.002262	0.000000
F2	5.650000	1.360000	0.002424	0.000000
F2	5.650000	1.380000	0.002317	0.000000
F2	5.700000	1.200000	0.002423	0.000000
F2	5.700000	1.220000	0.002731	0.000000
F2	5.700000	1.240000	0.002562	0.000000
F2	5.700000	1.260000	0.002297	0.000000
F2	5.700000	1.280000	0.002176	0.000000
F2	5.700000	1.300000	0.002161	0.000000
F2	5.700000	1.320000	0.002139	0.000000
F2	5.700000	1.340000	0.002205	0.000000
F2	5.700000	1.360000	0.002364	0.000000
F2	5.700000	1.380000	0.002259	0.000000
F2	5.750000	1.200000	0.002352	0.000000
F2	5.750000	1.220000	0.002652	0.000000
F2	5.750000	1.240000	0.002489	0.000000
F2	5.750000	1.260000	0.002233	0.000000
F2	5.750000	1.280000	0.002117	0.000000
F2	5.750000	1.300000	0.002104	0.000000
F2	5.750000	1.320000	0.002085	0.000000
F2	5.750000	1.340000	0.002149	0.000000
F2	5.750000	1.360000	0.002306	0.000000
F2	5.750000	1.380000	0.002202	0.000000
F2	5.800000	1.200000	0.002284	0.000000
F2	5.800000	1.220000	0.002575	0.000000
F2	5.800000	1.240000	0.002418	0.000000
F2	5.800000	1.260000	0.002171	0.000000
F2	5.800000	1.280000	0.002060	0.000000
F2	5.800000	1.300000	0.002049	0.000000
F2	5.800000	1.320000	0.002031	0.000000
F2	5.800000	1.340000	0.002095	0.000000
F2	5.800000	1.360000	0.002249	0.000000
F2	5.800000	1.380000	0.002148	0.000000
F2	5.850000	1.200000	0.002218	0.000000
F2	5.850000	1.220000	0.002500	0.000000
F2	5.850000	1.240000	0.002350	0.000000
F2	5.850000	1.260000	0.002112	0.000000
F2	5.850000	1.280000	0.002005	0.000000
F2	5.850000	1.300000	0.001996	0.000000
F2	5.850000	1.320000	0.001980	0.000000
F2	5.850000	1.340000	0.002043	0.000000
F2	5.850000	1.360000	0.002195	0.000000
F2	5.850000	1.380000	0.002094	0.000000
F2	5.900000	1.200000	0.002155	0.000000
F2	5.900000	1.220000	0.002428	0.000000
F2	5.900000	1.240000	0.002284	0.000000
F2	5.900000	1.260000	0.002054	0.000000
F2	5.900000	1.280000	0.001952	0.000000
F2	5.900000	1.300000	0.001945	0.000000
F2	5.900000	1.320000	0.001930	0.000000
F2	5.900000	1.340000	0.001992	0.000000
F2	5.900000	1.360000	0.002141	0.000000
F2	5.900000	1.380000	0.002043	0.000000
F2	5.950000	1.200000	0.002093	0.000000
F2	5.950000	1.220000	0.002359	0.000000
F2	5.950000	1.240000	0.002220	0.000000
F2	5.950000	1.260000	0.001998	0.000000
F2	5.950000	1.280000	0.001900	0.000000
F2	5.950000	1.300000	0.001895	0.000000
F2	5.950000	1.320000	0.001881	0.000000
F2	5.950000	1.340000	0.001943	0.000000
F2	5.950000	1.360000	0.002089	0.000000
F2	5.950000	1.380000	0.001992	0.000000
F2	6.000000	1.200000	0.002033	0.000000
F2	6.000000	1.220000	0.002292	0.000000
F2	6.000000	1.240000	0.002158	0.000000
F2	6.000000	1.260000	0.001943	0.000000
F2	6.000000	1.280000	0.001850	0.000000
F2	6.000000	1.300000	0.001846	0.000000
F2	6.000000	1.320000	0.001834	0.000000
F2	6.000000	1.340000	0.001895	0.000000
F2	6.000000	1.360000	0.002039	0.000000
F2	6.000000	1.380000	0.001944	0.000000
F2	6.050000	1.200000	0.001976	0.000000
F2	6.050000	1.220000	0.002227	0.000000
F2	6.050000	1.240000	0.002098	0.000000
F2	6.050000	1.260000	0.001891	0.000000
F2	6.050000	1.280000	0.001801	0.000000
F2	6.050000	1.300000	0.001800	0.000000
F2	6.050000	1.320000	0.001788	0.000000
F2	6.050000	1.340000	0.001848	0.000000
F2	6.050000	1.360000	0.001990	0.000000
F2	6.050000	1.380000	0.001896	0.000000
F2	6.100000	1.200000	0.001920	0.000000
F2	6.100000	1.220000	0.002164	0.000000
F2	6.100000	1.240000	0.002040	0.000000
F2	6.100000	1.260000	0.001840	0.000000
F2	6.100000	1.280000	0.001754	0.000000
F2	6.100000	1.300000	0.001754	0.000000
F2	6.100000	1.320000	0.001744	0.000000
F2	6.100000	1.340000	0.001803	0.000000
F2	6.100000	1.360000	0.001942	0.000000
F2	6.100000	1.380000	0.001850	0.000000
F2	6.150000	1.200000	0.001866	0.000000
F2	6.150000	1.220000	0.002103	0.000000
F2	6.150000	1.240000	0.001984	0.000000
F2	6.150000	1.260000	0.001790	0.000000
F2	6.150000	1.280000	0.001708	0.000000
F2	6.150000	1.300000	0.001710	0.000000
F2	6.150000	1.320000	0.001700	0.000000
F2	6.150000	1.340000	0.001759	0.000000
F2	6.150000	1.360000	0.001896	0.000000
F2	6.150000	1.380000	0.001805	0.000000
F2	6.200000	1.200000	0.001813	0.000000
F2	6.200000	1.220000	0.002044	0.000000
F2	6.200000	1.240000	0.001929	0.000000
F2	6.200000	1.260000	0.001743	0.000000
F2	6.200000	1.280000	0.001663	0.000000
F2	6.200000	1.300000	0.001666	0.000000
F2	6.200000	1.320000	0.001658	0.000000
F2	6.200000	1.340000	0.001716	0.000000
F2	6.200000	1.360000	0.001851	0.000000
F2	6.200000	1.380000	0.001762	0.000000
F2	6.250000	1.200000	0.001763	0.000000
F2	6.250000	1.220000	0.001987	0.000000
F2	6.250000	1.240000	0.001877	0.000000
F2	6.250000	1.260000	0.001696	0.000000
F2	6.250000	1.280000	0.001620	0.000000
F2	6.250000	1.300000	0.001625	0.000000
F2	6.250000	1.320000	0.001618	0.000000
F2	6.250000	1.340000	0.001674	0.000000
F2	6.250000	1.360000	0.001807	0.000000
F2	6.250000	1.380000	0.001719	0.000000
F2	6.300000	1.200000	0.001714	0.000000
F2	6.300000	1.220000	0.001932	0.000000
F2	6.300000	1.240000	0.001826	0.000000
F2	6.300000	1.260000	0.001651	0.000000
F2	6.300000	1.280000	0.001578	0.000000
F2	6.300000	1.300000	0.001584	0.000000
F2	6.300000	1.320000	0.001578	0.000000
F2	6.300000	1.340000	0.001634	0.000000
F2	6.300000	1.360000	0.001764	0.000000
F2	6.300000	1.380000	0.001678	0.000000
F2	6.350000	1.200000	0.001666	0.000000
F2	6.350000	1.220000	0.001878	0.000000
F2	6.350000	1.240000	0.001776	0.000000
F2	6.350000	1.260000	0.001608	0.000000
F2	6.350000	1.280000	0.001538	0.000000
F2	6.350000	1.300000	0.001545	0.000000
F2	6.350000	1.320000	0.001540	0.000000
F2	6.350000	1.340000	0.001595	0.000000
F2	6.350000	1.360000	0.001722	0.000000
F2	6.350000	1.380000	0.001638	0.000000
F2	6.400000	1.200000	0.001620	0.000000
F2	6.400000	1.220000	0.001826	0.000000
F2	6.400000	1.240000	0.001728	0.000000
F2	6.400000	1.260000	0.001565	0.000000
F2	6.400000	1.280000	0.001499	0.000000
F2	6.400000	1.300000	0.001507	0.000000
F2	6.400000	1.320000	0.001502	0.000000
F2	6.400000	1.340000	0.001556	0.000000
F2	6.400000	1.360000	0.001682	0.000000
F2	6.400000	1.380000	0.001599	0.000000
F2	6.450000	1.200000	0.001576	0.000000
F2	6.450000	1.220000	0.001776	0.000000
F2	6.450000	1.240000	0.001682	0.000000
F2	6.450000	1.260000	0.001525	0.000000
F2	6.450000	1.280000	0.001460	0.000000
F2	6.450000	1.300000	0.001470	0.000000
F2	6.450000	1.320000	0.001466	0.000000
F2	6.450000	1.340000	0.001519	0.000000
F2	6.450000	1.360000	0.001643	0.000000
F2	6.450000	1.380000	0.001561	0.000000
F2	6.500000	1.200000	0.001532	0.000000
F2	6.500000	1.220000	0.001728	0.000000
F2	6.500000	1.240000	0.001637	0.000000
F2	6.500000	1.260000	0.001485	0.000000
F2	6.500000	1.280000	0.001423	0.000000
F2	6.500000	1.300000	0.001433	0.000000
F2	6.500000	1.320000	0.001431	0.000000
F2	6.500000	1.340000	0.001483	0.000000
F2	6.500000	1.360000	0.001604	0.000000
F2	6.500000	1.380000	0.001525	0.000000
F2	6.550000	1.200000	0.001491	0.000000
F2	6.550000	1.220000	0.001681	0.000000
F2	6.550000	1.240000	0.001593	0.000000
F2	6.550000	1.260000	0.001446	0.000000
F2	6.550000	1.280000	0.001387	0.000000
F2	6.550000	1.300000	0.001398	0.000000
F2	6.550000	1.320000	0.001396	0.000000
F2	6.550000	1.340000	0.001448	0.000000
F2	6.550000	1.360000	0.001567	0.000000
F2	6.550000	1.380000	0.001489	0.000000
F2	6.600000	1.200000	0.001450	0.000000
F2	6.600000	1.220000	0.001635	0.000000
F2	6.600000	1.240000	0.001551	0.000000
F2	6.600000	1.260000	0.001409	0.000000
F2	6.600000	1.280000	0.001352	0.000000
F2	6.600000	1.300000	0.001364	0.000000
F2	6.600000	1.320000	0.001363	0.000000
F2	6.600000	1.340000	0.001414	0.000000
F2	6.600000	1.360000	0.001531	0.000000
F2	6.600000	1.380000	0.001454	0.000000
F2	6.650000	1.200000	0.001411	0.000000
F2	6.650000	1.220000	0.001591	0.000000
F2	6.650000	1.240000	0.001510	0.000000
F2	6.650000	1.260000	0.001373	0.000000
F2	6.650000	1.280000	0.001318	0.000000
F2	6.650000	1.300000	0.001331	0.000000
F2	6.650000	1.320000	0.001330	0.000000
F2	6.650000	1.340000	0.001381	0.000000
F2	6.650000	1.360000	0.001496	0.000000
F2	6.650000	1.380000	0.001420	0.000000
F2	6.700000	1.200000	0.001373	0.000000
F2	6.700000	1.220000	0.001548	0.000000
F2	6.700000	1.240000	0.001470	0.000000
F2	6.700000	1.260000	0.001337	0.000000
F2	6.700000	1.280000	0.001285	0.000000
F2	6.700000	1.300000	0.001299	0.000000
F2	6.700000	1.320000	0.001299	0.000000
F2	6.700000	1.340000	0.001348	0.000000
F2	6.700000	1.360000	0.001461	0.000000
F2	6.700000	1.380000	0.001387	0.000000
F2	6.750000	1.200000	0.001336	0.000000
F2	6.750000	1.220000	0.001506	0.000000
F2	6.750000	1.240000	0.001431	0.000000
F2	6.750000	1.260000	0.001303	0.000000
F2	6.750000	1.280000	0.001253	0.000000
F2	6.750000	1.300000	0.001268	0.000000
F2	6.750000	1.320000	0.001268	0.000000
F2	6.750000	1.340000	0.001317	0.000000
F2	6.750000	1.360000	0.001428	0.000000
F2	6.750000	1.380000	0.001355	0.000000
F2	6.800000	1.200000	0.001300	0.000000
F2	6.800000	1.220000	0.001466	0.000000
F2	6.800000	1.240000	0.001394	0.000000
F2	6.800000	1.260000	0.001270	0.000000
F2	6.800000	1.280000	0.001222	0.000000
F2	6.800000	1.300000	0.001237	0.000000
F2	6.800000	1.320000	0.001238	0.000000
F2	6.800000	1.340000	0.001286	0.000000
F2	6.800000	1.360000	0.001396	0.000000
F2	6.800000	1.380000	0.001324	0.000000
F2	6.850000	1.200000	0.001266	0.000000
F2	6.850000	1.220000	0.001427	0.000000
F2	6.850000	1.240000	0.001358	0.000000
F2	6.850000	1.260000	0.001238	0.000000
F2	6.850000	1.280000	0.001192	0.000000
F2	6.850000	1.300000	0.001208	0.000000
F2	6.850000	1.320000	0.001209	0.000000
F2	6.850000	1.340000	0.001257	0.000000
F2	6.850000	1.360000	0.001364	0.000000
F2	6.850000	1.380000	0.001293	0.000000
F2	6.900000	1.200000	0.001232	0.000000
F2	6.900000	1.220000	0.001389	0.000000
F2	6.900000	1.240000	0.001322	0.000000
F2	6.900000	1.260000	0.001207	0.000000
F2	6.900000	1.280000	0.001163	0.000000
F2	6.900000	1.300000	0.001179	0.000000
F2	6.900000	1.320000	0.001181	0.000000
F2	6.900000	1.340000	0.001228	0.000000
F2	6.900000	1.360000	0.001333	0.000000
F2	6.900000	1.380000	0.001264	0.000000
F2	6.950000	1.200000	0.001199	0.000000
F2	6.950000	1.220000	0.001353	0.000000
F2	6.950000	1.240000	0.001288	0.000000
F2	6.950000	1.260000	0.001176	0.000000
F2	6.950000	1.280000	0.001135	0.000000
F2	6.950000	1.300000	0.001151	0.000000
F2	6.950000	1.320000	0.001153	0.000000
F2	6.950000	1.340000	0.001200	0.000000
F2	6.950000	1.360000	0.001303	0.000000
F2	6.950000	1.380000	0.001235	0.000000
F2	7.000000	1.200000	0.001167	0.000000
F2	7.000000	1.220000	0.001317	0.000000
F2	7.000000	1.240000	0.001255	0.000000
F2	7.000000	1.260000	0.001147	0.000000
F2	7.000000	1.280000	0.001107	0.000000
F2	7.000000	1.300000	0.001124	0.000000
F2	7.000000	1.320000	0.001127	0.000000
F2	7.000000	1.340000	0.001172	0.000000
F2	7.000000	1.360000	0.001274	0.000000
F2	7.000000	1.380000	0.001207	0.000000
F2	7.050000	1.200000	0.001137	0.000000
F2	7.050000	1.220000	0.001282	0.000000
F2	7.050000	1.240000	0.001223	0.000000
F2	7.050000	1.260000	0.001118	0.000000
F2	7.050000	1.280000	0.001080	0.000000
F2	7.050000	1.300000	0.001097	0.000000
F2	7.050000	1.320000	0.001101	0.000000
F2	7.050000	1.340000	0.001145	0.000000
F2	7.050000	1.360000	0.001245	0.000000
F2	7.050000	1.380000	0.001180	0.000000
F2	7.100000	1.200000	0.001107	0.000000
F2	7.100000	1.220000	0.001249	0.000000
F2	7.100000	1.240000	0.001191	0.000000
F2	7.100000	1.260000	0.001090	0.000000
F2	7.100000	1.280000	0.001054	0.000000
F2	7.100000	1.300000	0.001072	0.000000
F2	7.100000	1.320000	0.001075	0.000000
F2	7.100000	1.340000	0.001119	0.000000
F2	7.100000	1.360000	0.001217	0.000000
F2	7.100000	1.380000	0.001153	0.000000
F2	7.150000	1.200000	0.001078	0.000000
F2	7.150000	1.220000	0.001216	0.000000
F2	7.150000	1.240000	0.001161	0.000000
F2	7.150000	1.260000	0.001063	0.000000
F2	7.150000	1.280000	0.001028	0.000000
F2	7.150000	1.300000	0.001047	0.000000
F2	7.150000	1.320000	0.001051	0.000000
F2	7.150000	1.340000	0.001094	0.000000
F2	7.150000	1.360000	0.001190	0.000000
F2	7.150000	1.380000	0.001127	0.000000
F2	7.200000	1.200000	0.001050	0.000000
F2	7.200000	1.220000	0.001185	0.000000
F2	7.200000	1.240000	0.001132	0.000000
F2	7.200000	1.260000	0.001037	0.000000
F2	7.200000	1.280000	0.001004	0.000000
F2	7.200000	1.300000	0.001022	0.000000
F2	7.200000	1.320000	0.001027	0.000000
F2	7.200000	1.340000	0.001069	0.000000
F2	7.200000	1.360000	0.001164	0.000000
F2	7.200000	1.380000	0.001102	0.000000
F2	7.250000	1.200000	0.001023	0.000000
F2	7.250000	1.220000	0.001154	0.000000
F2	7.250000	1.240000	0.001103	0.000000
F2	7.250000	1.260000	0.001011	0.000000
F2	7.250000	1.280000	0.000980	0.000000
F2	7.250000	1.300000	0.000999	0.000000
F2	7.250000	1.320000	0.001003	0.000000
F2	7.250000	1.340000	0.001046	0.000000
F2	7.250000	1.360000	0.001138	0.000000
F2	7.250000	1.380000	0.001078	0.000000
F2	7.300000	1.200000	0.000996	0.000000
F2	7.300000	1.220000	0.001124	0.000000
F2	7.300000	1.240000	0.001075	0.000000
F2	7.300000	1.260000	0.000987	0.000000
F2	7.300000	1.280000	0.000956	0.000000
F2	7.300000	1.300000	0.000976	0.000000
F2	7.300000	1.320000	0.000981	0.000000
F2	7.300000	1.340000	0.001022	0.000000
F2	7.300000	1.360000	0.001113	0.000000
F2	7.300000	1.380000	0.001054	0.000000
F2	7.350000	1.200000	0.000971	0.000000
F2	7.350000	1.220000	0.001096	0.000000
F2	7.350000	1.240000	0.001048	0.000000
F2	7.350000	1.260000	0.000962	0.000000
F2	7.350000	1.280000	0.000934	0.000000
F2	7.350000	1.300000	0.000953	0.000000
F2	7.350000	1.320000	0.000959	0.000000
F2	7.350000	1.340000	0.000999	0.000000
F2	7.350000	1.360000	0.001089	0.000000
F2	7.350000	1.380000	0.001030	0.000000
F2	7.400000	1.200000	0.000946	0.000000
F2	7.400000	1.220000	0.001068	0.000000
F2	7.400000	1.240000	0.001022	0.000000
F2	7.400000	1.260000	0.000939	0.000000
F2	7.400000	1.280000	0.000912	0.000000
F2	7.400000	1.300000	0.000931	0.000000
F2	7.400000	1.320000	0.000937	0.000000
F2	7.400000	1.340000	0.000977	0.000000
F2	7.400000	1.360000	0.001065	0.000000
F2	7.400000	1.380000	0.001008	0.000000
F2	7.450000	1.200000	0.000921	0.000000
F2	7.450000	1.220000	0.001040	0.000000
F2	7.450000	1.240000	0.000996	0.000000
F2	7.450000	1.260000	0.000916	0.000000
F2	7.450000	1.280000	0.000890	0.000000
F2	7.450000	1.300000	0.000910	0.000000
F2	7.450000	1.320000	0.000916	0.000000
F2	7.450000	1.340000	0.000956	0.000000
F2	7.450000	1.360000	0.001042	0.000000
F2	7.450000	1.380000	0.000986	0.000000
F2	7.500000	1.200000	0.000898	0.000000
F2	7.500000	1.220000	0.001014	0.000000
F2	7.500000	1.240000	0.000972	0.000000
F2	7.500000	1.260000	0.000894	0.000000
F2	7.500000	1.280000	0.000869	0.000000
F2	7.500000	1.300000	0.000889	0.000000
F2	7.500000	1.320000	0.000896	0.000000
F2	7.500000	1.340000	0.000935	0.000000
F2	7.500000	1.360000	0.001020	0.000000
F2	7.500000	1.380000	0.000964	0.000000
F2	7.550000	1.200000	0.000875	0.000000
F2	7.550000	1.220000	0.000988	0.000000
F2	7.550000	1.240000	0.000948	0.000000
F2	7.550000	1.260000	0.000873	0.000000
F2	7.550000	1.280000	0.000849	0.000000
F2	7.550000	1.300000	0.000869	0.000000
F2	7.550000	1.320000	0.000876	0.000000
F2	7.550000	1.340000	0.000914	0.000000
F2	7.550000	1.360000	0.000998	0.000000
F2	7.550000	1.380000	0.000943	0.000000
F2	7.600000	1.200000	0.000853	0.000000
F2	7.600000	1.220000	0.000963	0.000000
F2	7.600000	1.240000	0.000924	0.000000
F2	7.600000	1.260000	0.000852	0.000000
F2	7.600000	1.280000	0.000829	0.000000
F2	7.600000	1.300000	0.000850	0.000000
F2	7.600000	1.320000	0.000856	0.000000
F2	7.600000	1.340000	0.000894	0.000000
F2	7.600000	1.360000	0.000976	0.000000
F2	7.600000	1.380000	0.000923	0.000000
F2	7.650000	1.200000	0.000831	0.000000
F2	7.650000	1.220000	0.000939	0.000000
F2	7.650000	1.240000	0.000902	0.000000
F2	7.650000	1.260000	0.000831	0.000000
F2	7.650000	1.280000	0.000810	0.000000
F2	7.650000	1.300000	0.000831	0.000000
F2	7.650000	1.320000	0.000837	0.000000
F2	7.650000	1.340000	0.000875	0.000000
F2	7.650000	1.360000	0.000955	0.000000
F2	7.650000	1.380000	0.000903	0.000000
F2	7.700000	1.200000	0.000810	0.000000
F2	7.700000	1.220000	0.000915	0.000000
F2	7.700000	1.240000	0.000880	0.000000
F2	7.700000	1.260000	0.000812	0.000000
F2	7.700000	1.280000	0.000791	0.000000
F2	7.700000	1.300000	0.000812	0.000000
F2	7.700000	1.320000	0.000819	0.000000
F2	7.700000	1.340000	0.000856	0.000000
F2	7.700000	1.360000	0.000935	0.000000
F2	7.700000	1.380000	0.000883	0.000000
F2	7.750000	1.200000	0.000790	0.000000
F2	7.750000	1.220000	0.000892	0.000000
F2	7.750000	1.240000	0.000858	0.000000
F2	7.750000	1.260000	0.000792	0.000000
F2	7.750000	1.280000	0.000773	0.000000
F2	7.750000	1.300000	0.000794	0.000000
F2	7.750000	1.320000	0.000801	0.000000
F2	7.750000	1.340000	0.000837	0.000000
F2	7.750000	1.360000	0.000915	0.000000
F2	7.750000	1.380000	0.000864	0.000000
F2	7.800000	1.200000	0.000770	0.000000
F2	7.800000	1.220000	0.000870	0.000000
F2	7.800000	1.240000	0.000837	0.000000
F2	7.800000	1.260000	0.000774	0.000000
F2	7.800000	1.280000	0.000755	0.000000
F2	7.800000	1.300000	0.000776	0.000000
F2	7.800000	1.320000	0.000784	0.000000
F2	7.800000	1.340000	0.000819	0.000000
F2	7.800000	1.360000	0.000896	0.000000
F2	7.800000	1.380000	0.000846	0.000000
F2	7.850000	1.200000	0.000751	0.000000
F2	7.850000	1.220000	0.000849	0.000000
F2	7.850000	1.240000	0.000817	0.000000
F2	7.850000	1.260000	0.000755	0.000000
F2	7.850000	1.280000	0.000738	0.000000
F2	7.850000	1.300000	0.000759	0.000000
F2	7.850000	1.320000	0.000767	0.000000
F2	7.850000	1.340000	0.000802	0.000000
F2	7.850000	1.360000	0.000877	0.000000
F2	7.850000	1.380000	0.000828	0.000000
F2	7.900000	1.200000	0.000732	0.000000
F2	7.900000	1.220000	0.000828	0.000000
F2	7.900000	1.240000	0.000797	0.000000
F2	7.900000	1.260000	0.000738	0.000000
F2	7.900000	1.280000	0.000721	0.000000
F2	7.900000	1.300000	0.000742	0.000000
F2	7.900000	1.320000	0.000750	0.000000
F2	7.900000	1.340000	0.000785	0.000000
F2	7.900000	1.360000	0.000858	0.000000
F2	7.900000	1.380000	0.000810	0.000000
F2	7.950000	1.200000	0.000714	0.000000
F2	7.950000	1.220000	0.000807	0.000000
F2	7.950000	1.240000	0.000778	0.000000
F2	7.950000	1.260000	0.000721	0.000000
F2	7.950000	1.280000	0.000705	0.000000
F2	7.950000	1.300000	0.000726	0.000000
F2	7.950000	1.320000	0.000734	0.000000
F2	7.950000	1.340000	0.000768	0.000000
F2	7.950000	1.360000	0.000840	0.000000
F2	7.950000	1.380000	0.000793	0.000000
F2	8.000000	1.200000	0.000696	0.000000
F2	8.000000	1.220000	0.000787	0.000000
F2	8.000000	1.240000	0.000759	0.000000
F2	8.000000	1.260000	0.000704	0.000000
F2	8.000000	1.280000	0.000689	0.000000
F2	8.000000	1.300000	0.000710	0.000000
F2	8.000000	1.320000	0.000718	0.000000
F2	8.000000	1.340000	0.000752	0.000000
F2	8.000000	1.360000	0.000823	0.000000
F2	8.000000	1.380000	0.000777	0.000000
F2	8.050000	1.200000	0.000679	0.000000
F2	8.050000	1.220000	0.000768	0.000000
F2	8.050000	1.240000	0.000741	0.000000
F2	8.050000	1.260000	0.000687	0.000000
F2	8.050000	1.280000	0.000673	0.000000
F2	8.050000	1.300000	0.000695	0.000000
F2	8.050000	1.320000	0.000703	0.000000
F2	8.050000	1.340000	0.000736	0.000000
F2	8.050000	1.360000	0.000806	0.000000
F2	8.050000	1.380000	0.000760	0.000000
F2	8.100000	1.200000	0.000663	0.000000
F2	8.100000	1.220000	0.000749	0.000000
F2	8.100000	1.240000	0.000723	0.000000
F2	8.100000	1.260000	0.000671	0.000000
F2	8.100000	1.280000	0.000658	0.000000
F2	8.100000	1.300000	0.000679	0.000000
F2	8.100000	1.320000	0.000688	0.000000
F2	8.100000	1.340000	0.000720	0.000000
F2	8.100000	1.360000	0.000789	0.000000
F2	8.100000	1.380000	0.000745	0.000000
F2	8.150000	1.200000	0.000646	0.000000
F2	8.150000	1.220000	0.000731	0.000000
F2	8.150000	1.240000	0.000706	0.000000
F2	8.150000	1.260000	0.000656	0.000000
F2	8.150000	1.280000	0.000643	0.000000
F2	8.150000	1.300000	0.000665	0.000000
F2	8.150000	1.320000	0.000673	0.000000
F2	8.150000	1.340000	0.000705	0.000000
F2	8.150000	1.360000	0.000773	0.000000
F2	8.150000	1.380000	0.000729	0.000000
F2	8.200000	1.200000	0.000631	0.000000
F2	8.200000	1.220000	0.000713	0.000000
F2	8.200000	1.240000	0.000690	0.000000
F2	8.200000	1.260000	0.000641	0.000000
F2	8.200000	1.280000	0.000629	0.000000
F2	8.200000	1.300000	0.000651	0.000000
F2	8.200000	1.320000	0.000659	0.000000
F2	8.200000	1.340000	0.000691	0.000000
F2	8.200000	1.360000	0.000757	0.000000
F2	8.200000	1.380000	0.000714	0.000000
F2	8.250000	1.200000	0.000615	0.000000
F2	8.250000	1.220000	0.000696	0.000000
F2	8.250000	1.240000	0.000673	0.000000
F2	8.250000	1.260000	0.000626	0.000000
F2	8.250000	1.280000	0.000615	0.000000
F2	8.250000	1.300000	0.000636	0.000000
F2	8.250000	1.320000	0.000645	0.000000
F2	8.250000	1.340000	0.000676	0.000000
F2	8.250000	1.360000	0.000742	0.000000
F2	8.250000	1.380000	0.000699	0.000000
F2	8.300000	1.200000	0.000600	0.000000
F2	8.300000	1.220000	0.000679	0.000000
F2	8.300000	1.240000	0.000657	0.000000
F2	8.300000	1.260000	0.000612	0.000000
F2	8.300000	1.280000	0.000602	0.000000
F2	8.300000	1.300000	0.000623	0.000000
F2	8.300000	1.320000	0.000632	0.000000
F2	8.300000	1.340000	0.000662	0.000000
F2	8.300000	1.360000	0.000726	0.000000
F2	8.300000	1.380000	0.000685	0.000000
F2	8.350000	1.200000	0.000586	0.000000
F2	8.350000	1.220000	0.000663	0.000000
F2	8.350000	1.240000	0.000642	0.000000
F2	8.350000	1.260000	0.000598	0.000000
F2	8.350000	1.280000	0.000588	0.000000
F2	8.350000	1.300000	0.000610	0.000000
F2	8.350000	1.320000	0.000618	0.000000
F2	8.350000	1.340000	0.000648	0.000000
F2	8.350000	1.360000	0.000712	0.000000
F2	8.350000	1.380000	0.000671	0.000000
F2	8.400000	1.200000	0.000572	0.000000
F2	8.400000	1.220000	0.000647	0.000000
F2	8.400000	1.240000	0.000627	0.000000
F2	8.400000	1.260000	0.000584	0.000000
F2	8.400000	1.280000	0.000575	0.000000
F2	8.400000	1.300000	0.000597	0.000000
F2	8.400000	1.320000	0.000605	0.000000
F2	8.400000	1.340000	0.000635	0.000000
F2	8.400000	1.360000	0.000697	0.000000
F2	8.400000	1.380000	0.000657	0.000000
F2	8.450000	1.200000	0.000558	0.000000
F2	8.450000	1.220000	0.000632	0.000000
F2	8.450000	1.240000	0.000612	0.000000
F2	8.450000	1.260000	0.000571	0.000000
F2	8.450000	1.280000	0.000563	0.000000
F2	8.450000	1.300000	0.000584	0.000000
F2	8.450000	1.320000	0.000593	0.000000
F2	8.450000	1.340000	0.000622	0.000000
F2	8.450000	1.360000	0.000683	0.000000
F2	8.450000	1.380000	0.000644	0.000000
F2	8.500000	1.200000	0.000544	0.000000
F2	8.500000	1.220000	0.000617	0.000000
F2	8.500000	1.240000	0.000598	0.000000
F2	8.500000	1.260000	0.000558	0.000000
F2	8.500000	1.280000	0.000551	0.000000
F2	8.500000	1.300000	0.000572	0.000000
F2	8.500000	1.320000	0.000581	0.000000
F2	8.500000	1.340000	0.000609	0.000000
F2	8.500000	1.360000	0.000669	0.000000
F2	8.500000	1.380000	0.000631	0.000000
F2	8.550000	1.200000	0.000531	0.000000
F2	8.550000	1.220000	0.000602	0.000000
F2	8.550000	1.240000	0.000584	0.000000
F2	8.550000	1.260000	0.000546	0.000000
F2	8.550000	1.280000	0.000539	0.000000
F2	8.550000	1.300000	0.000560	0.000000
F2	8.550000	1.320000	0.000569	0.000000
F2	8.550000	1.340000	0.000597	0.000000
F2	8.550000	1.360000	0.000656	0.000000
F2	8.550000	1.380000	0.000618	0.000000
F2	8.600000	1.200000	0.000519	0.000000
F2	8.600000	1.220000	0.000588	0.000000
F2	8.600000	1.240000	0.000571	0.000000
F2	8.600000	1.260000	0.000534	0.000000
F2	8.600000	1.280000	0.000527	0.000000
F2	8.600000	1.300000	0.000548	0.000000
F2	8.600000	1.320000	0.000557	0.000000
F2	8.600000	1.340000	0.000585	0.000000
F2	8.600000	1.360000	0.000643	0.000000
F2	8.600000	1.380000	0.000606	0.000000
F2	8.650000	1.200000	0.000506	0.000000
F2	8.650000	1.220000	0.000574	0.000000
F2	8.650000	1.240000	0.000558	0.000000
F2	8.650000	1.260000	0.000522	0.000000
F2	8.650000	1.280000	0.000516	0.000000
F2	8.650000	1.300000	0.000537	0.000000
F2	8.650000	1.320000	0.000546	0.000000
F2	8.650000	1.340000	0.000573	0.000000
F2	8.650000	1.360000	0.000630	0.000000
F2	8.650000	1.380000	0.000594	0.000000
F2	8.700000	1.200000	0.000495	0.000000
F2	8.700000	1.220000	0.000560	0.000000
F2	8.700000	1.240000	0.000545	0.000000
F2	8.700000	1.260000	0.000510	0.000000
F2	8.700000	1.280000	0.000505	0.000000
F2	8.700000	1.300000	0.000525	0.000000
F2	8.700000	1.320000	0.000534	0.000000
F2	8.700000	1.340000	0.000562	0.000000
F2	8.700000	1.360000	0.000618	0.000000
F2	8.700000	1.380000	0.000582	0.000000
F2	8.750000	1.200000	0.000483	0.000000
F2	8.750000	1.220000	0.000547	0.000000
F2	8.750000	1.240000	0.000532	0.000000
F2	8.750000	1.260000	0.000499	0.000000
F2	8.750000	1.280000	0.000494	0.000000
F2	8.750000	1.300000	0.000514	0.000000
F2	8.750000	1.320000	0.000524	0.000000
F2	8.750000	1.340000	0.000551	0.000000
F2	8.750000	1.360000	0.000606	0.000000
F2	8.750000	1.380000	0.000570	0.000000
F2	8.800000	1.200000	0.000471	0.000000
F2	8.800000	1.220000	0.000534	0.000000
F2	8.800000	1.240000	0.000520	0.000000
F2	8.800000	1.260000	0.000488	0.000000
F2	8.800000	1.280000	0.000483	0.000000
F2	8.800000	1.300000	0.000504	0.000000
F2	8.800000	1.320000	0.000513	0.000000
F2	8.800000	1.340000	0.000540	0.000000
F2	8.800000	1.360000	0.000594	0.000000
F2	8.800000	1.380000	0.000559	0.000000
F2	8.850000	1.200000	0.000460	0.000000
F2	8.850000	1.220000	0.000522	0.000000
F2	8.850000	1.240000	0.000509	0.000000
F2	8.850000	1.260000	0.000477	0.000000
F2	8.850000	1.280000	0.000473	0.000000
F2	8.850000	1.300000	0.000494	0.000000
F2	8.850000	1.320000	0.000503	0.000000
F2	8.850000	1.340000	0.000529	0.000000
F2	8.850000	1.360000	0.000582	0.000000
F2	8.850000	1.380000	0.000548	0.000000
F2	8.900000	1.200000	0.000450	0.000000
F2	8.900000	1.220000	0.000510	0.000000
F2	8.900000	1.240000	0.000497	0.000000
F2	8.900000	1.260000	0.000467	0.000000
F2	8.900000	1.280000	0.000463	0.000000
F2	8.900000	1.300000	0.000483	0.000000
F2	8.900000	1.320000	0.000493	0.000000
F2	8.900000	1.340000	0.000518	0.000000
F2	8.900000	1.360000	0.000571	0.000000
F2	8.900000	1.380000	0.000537	0.000000
F2	8.950000	1.200000	0.000439	0.000000
F2	8.950000	1.220000	0.000498	0.000000
F2	8.950000	1.240000	0.000486	0.000000
F2	8.950000	1.260000	0.000457	0.000000
F2	8.950000	1.280000	0.000453	0.000000
F2	8.950000	1.300000	0.000474	0.000000
F2	8.950000	1.320000	0.000483	0.000000
F2	8.950000	1.340000	0.000508	0.000000
F2	8.950000	1.360000	0.000560	0.000000
F2	8.950000	1.380000	0.000527	0.000000
F2	9.000000	1.200000	0.000429	0.000000
F2	9.000000	1.220000	0.000487	0.000000
F2	9.000000	1.240000	0.000475	0.000000
F2	9.000000	1.260000	0.000447	0.000000
F2	9.000000	1.280000	0.000444	0.000000
F2	9.000000	1.300000	0.000464	0.000000
F2	9.000000	1.320000	0.000473	0.000000
F2	9.000000	1.340000	0.000498	0.000000
F2	9.000000	1.360000	0.000549	0.000000
F2	9.000000	1.380000	0.000517	0.000000
F2	9.050000	1.200000	0.000419	0.000000
F2	9.050000	1.220000	0.000475	0.000000
F2	9.050000	1.240000	0.000464	0.000000
F2	9.050000	1.260000	0.000437	0.000000
F2	9.050000	1.280000	0.000435	0.000000
F2	9.050000	1.300000	0.000455	0.000000
F2	9.050000	1.320000	0.000464	0.000000
F2	9.050000	1.340000	0.000488	0.000000
F2	9.050000	1.360000	0.000538	0.000000
F2	9.050000	1.380000	0.000507	0.000000
F2	9.100000	1.200000	0.000409	0.000000
F2	9.100000	1.220000	0.000464	0.000000
F2	9.100000	1.240000	0.000454	0.000000
F2	9.100000	1.260000	0.000428	0.000000
F2	9.100000	1.280000	0.000425	0.000000
F2	9.100000	1.300000	0.000445	0.000000
F2	9.100000	1.320000	0.000455	0.000000
F2	9.100000	1.340000	0.000479	0.000000
F2	9.100000	1.360000	0.000528	0.000000
F2	9.100000	1.380000	0.000497	0.000000
F2	9.150000	1.200000	0.000400	0.000000
F2	9.150000	1.220000	0.000454	0.000000
F2	9.150000	1.240000	0.000444	0.000000
F2	9.150000	1.260000	0.000418	0.000000
F2	9.150000	1.280000	0.000417	0.000000
F2	9.150000	1.300000	0.000437	0.000000
F2	9.150000	1.320000	0.000446	0.000000
F2	9.150000	1.340000	0.000470	0.000000
F2	9.150000	1.360000	0.000518	0.000000
F2	9.150000	1.380000	0.000487	0.000000
F2	9.200000	1.200000	0.000391	0.000000
F2	9.200000	1.220000	0.000444	0.000000
F2	9.200000	1.240000	0.000434	0.000000
F2	9.200000	1.260000	0.000410	0.000000
F2	9.200000	1.280000	0.000408	0.000000
F2	9.200000	1.300000	0.000428	0.000000
F2	9.200000	1.320000	0.000437	0.000000
F2	9.200000	1.340000	0.000461	0.000000
F2	9.200000	1.360000	0.000508	0.000000
F2	9.200000	1.380000	0.000478	0.000000
F2	9.250000	1.200000	0.000382	0.000000
F2	9.250000	1.220000	0.000434	0.000000
F2	9.250000	1.240000	0.000425	0.000000
F2	9.250000	1.260000	0.000401	0.000000
F2	9.250000	1.280000	0.000400	0.000000
F2	9.250000	1.300000	0.000419	0.000000
F2	9.250000	1.320000	0.000428	0.000000
F2	9.250000	1.340000	0.000452	0.000000
F2	9.250000	1.360000	0.000498	0.000000
F2	9.250000	1.380000	0.000469	0.000000
F2	9.300000	1.200000	0.000373	0.000000
F2	9.300000	1.220000	0.000424	0.000000
F2	9.300000	1.240000	0.000415	0.000000
F2	9.300000	1.260000	0.000392	0.000000
F2	9.300000	1.280000	0.000391	0.000000
F2	9.300000	1.300000	0.000411	0.000000
F2	9.300000	1.320000	0.000420	0.000000
F2	9.300000	1.340000	0.000443	0.000000
F2	9.300000	1.360000	0.000489	0.000000
F2	9.300000	1.380000	0.000460	0.000000
F2	9.350000	1.200000	0.000365	0.000000
F2	9.350000	1.220000	0.000414	0.000000
F2	9.350000	1.240000	0.000406	0.000000
F2	9.350000	1.260000	0.000384	0.000000
F2	9.350000	1.280000	0.000383	0.000000
F2	9.350000	1.300000	0.000403	0.000000
F2	9.350000	1.320000	0.000412	0.000000
F2	9.350000	1.340000	0.000435	0.000000
F2	9.350000	1.360000	0.000480	0.000000
F2	9.350000	1.380000	0.000451	0.000000
F2	9.400000	1.200000	0.000356	0.000000
F2	9.400000	1.220000	0.000405	0.000000
F2	9.400000	1.240000	0.000397	0.000000
F2	9.400000	1.260000	0.000376	0.000000
F2	9.400000	1.280000	0.000376	0.000000
F2	9.400000	1.300000	0.000395	0.000000
F2	9.400000	1.320000	0.000404	0.000000
F2	9.400000	1.340000	0.000426	0.000000
F2	9.400000	1.360000	0.000471	0.000000
F2	9.400000	1.380000	0.000443	0.000000
F2	9.450000	1.200000	0.000348	0.000000
F2	9.450000	1.220000	0.000396	0.000000
F2	9.450000	1.240000	0.000389	0.000000
F2	9.450000	1.260000	0.000368	0.000000
F2	9.450000	1.280000	0.000368	0.000000
F2	9.450000	1.300000	0.000387	0.000000
F2	9.450000	1.320000	0.000396	0.000000
F2	9.450000	1.340000	0.000418	0.000000
F2	9.450000	1.360000	0.000462	0.000000
F2	9.450000	1.380000	0.000434	0.000000
F2	9.500000	1.200000	0.000340	0.000000
F2	9.500000	1.220000	0.000387	0.000000
F2	9.500000	1.240000	0.000380	0.000000
F2	9.500000	1.260000	0.000360	0.000000
F2	9.500000	1.280000	0.000361	0.000000
F2	9.500000	1.300000	0.000380	0.000000
F2	9.500000	1.320000	0.000389	0.000000
F2	9.500000	1.340000	0.000410	0.000000
F2	9.500000	1.360000	0.000453	0.000000
F2	9.500000	1.380000	0.000426	0.000000
F2	9.550000	1.200000	0.000333	0.000000
F2	9.550000	1.220000	0.000378	0.000000
F2	9.550000	1.240000	0.000372	0.000000
F2	9.550000	1.260000	0.000353	0.000000
F2	9.550000	1.280000	0.000353	0.000000
F2	9.550000	1.300000	0.000372	0.000000
F2	9.550000	1.320000	0.000381	0.000000
F2	9.550000	1.340000	0.000403	0.000000
F2	9.550000	1.360000	0.000445	0.000000
F2	9.550000	1.380000	0.000418	0.000000
F2	9.600000	1.200000	0.000325	0.000000
F2	9.600000	1.220000	0.000370	0.000000
F2	9.600000	1.240000	0.000364	0.000000
F2	9.600000	1.260000	0.000345	0.000000
F2	9.600000	1.280000	0.000346	0.000000
F2	9.600000	1.300000	0.000365	0.000000
F2	9.600000	1.320000	0.000374	0.000000
F2	9.600000	1.340000	0.000395	0.000000
F2	9.600000	1.360000	0.000437	0.000000
F2	9.600000	1.380000	0.000411	0.000000
F2	9.650000	1.200000	0.000318	0.000000
F2	9.650000	1.220000	0.000362	0.000000
F2	9.650000	1.240000	0.000356	0.000000
F2	9.650000	1.260000	0.000338	0.000000
F2	9.650000	1.280000	0.000339	0.000000
F2	9.650000	1.300000	0.000358	0.000000
F2	9.650000	1.320000	0.000367	0.000000
F2	9.650000	1.340000	0.000388	0.000000
F2	9.650000	1.360000	0.000429	0.000000
F2	9.650000	1.380000	0.000403	0.000000
F2	9.700000	1.200000	0.000311	0.000000
F2	9.700000	1.220000	0.000354	0.000000
F2	9.700000	1.240000	0.000348	0.000000
F2	9.700000	1.260000	0.000331	0.000000
F2	9.700000	1.280000	0.000332	0.000000
F2	9.700000	1.300000	0.000351	0.000000
F2	9.700000	1.320000	0.000360	0.000000
F2	9.700000	1.340000	0.000381	0.000000
F2	9.700000	1.360000	0.000421	0.000000
F2	9.700000	1.380000	0.000396	0.000000
F2	9.750000	1.200000	0.000304	0.000000
F2	9.750000	1.220000	0.000346	0.000000
F2	9.750000	1.240000	0.000341	0.000000
F2	9.750000	1.260000	0.000325	0.000000
F2	9.750000	1.280000	0.000326	0.000000
F2	9.750000	1.300000	0.000344	0.000000
F2	9.750000	1.320000	0.000353	0.000000
F2	9.750000	1.340000	0.000374	0.000000
F2	9.750000	1.360000	0.000413	0.000000
F2	9.750000	1.380000	0.000388	0.000000
F2	9.800000	1.200000	0.000297	0.000000
F2	9.800000	1.220000	0.000338	0.000000
F2	9.800000	1.240000	0.000334	0.000000
F2	9.800000	1.260000	0.000318	0.000000
F2	9.800000	1.280000	0.000319	0.000000
F2	9.800000	1.300000	0.000338	0.000000
F2	9.800000	1.320000	0.000347	0.000000
F2	9.800000	1.340000	0.000367	0.000000
F2	9.800000	1.360000	0.000406	0.000000
F2	9.800000	1.380000	0.000381	0.000000
F2	9.850000	1.200000	0.000291	0.000000
F2	9.850000	1.220000	0.000331	0.000000
F2	9.850000	1.240000	0.000327	0.000000
F2	9.850000	1.260000	0.000311	0.000000
F2	9.850000	1.280000	0.000313	0.000000
F2	9.850000	1.300000	0.000331	0.000000
F2	9.850000	1.320000	0.000340	0.000000
F2	9.850000	1.340000	0.000360	0.000000
F2	9.850000	1.360000	0.000398	0.000000
F2	9.850000	1.380000	0.000374	0.000000
F2	9.900000	1.200000	0.000284	0.000000
F2	9.900000	1.220000	0.000324	0.000000
F2	9.900000	1.240000	0.000320	0.000000
F2	9.900000	1.260000	0.000305	0.000000
F2	9.900000	1.280000	0.000307	0.000000
F2	9.900000	1.300000	0.000325	0.000000
F2	9.900000	1.320000	0.000334	0.000000
F2	9.900000	1.340000	0.000353	0.000000
F2	9.900000	1.360000	0.000391	0.000000
F2	9.900000	1.380000	0.000368	0.000000
F2	9.950000	1.200000	0.000278	0.000000
F2	9.950000	1.220000	0.000317	0.000000
F2	9.950000	1.240000	0.000313	0.000000
F2	9.950000	1.260000	0.000299	0.000000
F2	9.950000	1.280000	0.000301	0.000000
F2	9.950000	1.300000	0.000319	0.000000
F2	9.950000	1.320000	0.000328	0.000000
F2	9.950000	1.340000	0.000347	0.000000
F2	9.950000	1.360000	0.000384	0.000000
F2	9.950000	1.380000	0.000361	0.000000
F2	10.000000	1.200000	0.000272	0.000000
F2	10.000000	1.220000	0.000310	0.000000
F2	10.000000	1.240000	0.000306	0.000000
F2	10.000000	1.260000	0.000293	0.000000
F2	10.000000	1.280000	0.000295	0.000000
F2	10.000000	1.300000	0.000313	0.000000
F2	10.000000	1.320000	0.000322	0.000000
F2	10.000000	1.340000	0.000341	0.000000
F2	10.000000	1.360000	0.000377	0.000000
F2	10.000000	1.380000	0.000355	0.000000
F2	10.050000	1.200000	0.000266	0.000000
F2	10.050000	1.220000	0.000303	0.000000
F2	10.050000	1.240000	0.000300	0.000000
F2	10.050000	1.260000	0.000287	0.000000
F2	10.050000	1.280000	0.000289	0.000000
F2	10.050000	1.300000	0.000307	0.000000
F2	10.050000	1.320000	0.000316	0.000000
F2	10.050000	1.340000	0.000334	0.000000
F2	10.050000	1.360000	0.000371	0.000000
F2	10.050000	1.380000	0.000348	0.000000
F2	10.100000	1.200000	0.000260	0.000000
F2	10.100000	1.220000	0.000297	0.000000
F2	10.100000	1.240000	0.000294	0.000000
F2	10.100000	1.260000	0.000281	0.000000
F2	10.100000	1.280000	0.000284	0.000000
F2	10.100000	1.300000	0.000301	0.000000
F2	10.100000	1.320000	0.000310	0.000000
F2	10.100000	1.340000	0.000328	0.000000
F2	10.100000	1.360000	0.000364	0.000000
F2	10.100000	1.380000	0.000342	0.000000
F2	10.150000	1.200000	0.000254	0.000000
F2	10.150000	1.220000	0.000290	0.000000
F2	10.150000	1.240000	0.000288	0.000000
F2	10.150000	1.260000	0.000275	0.000000
F2	10.150000	1.280000	0.000278	0.000000
F2	10.150000	1.300000	0.000296	0.000000
F2	10.150000	1.320000	0.000304	0.000000
F2	10.150000	1.340000	0.000323	0.000000
F2	10.150000	1.360000	0.000358	0.000000
F2	10.150000	1.380000	0.000336	0.000000
F2	10.200000	1.200000	0.000249	0.000000
F2	10.200000	1.220000	0.000284	0.000000
F2	10.200000	1.240000	0.000282	0.000000
F2	10.200000	1.260000	0.000270	0.000000
F2	10.200000	1.280000	0.000273	0.000000
F2	10.200000	1.300000	0.000290	0.000000
F2	10.200000	1.320000	0.000299	0.000000
F2	10.200000	1.340000	0.000317	0.000000
F2	10.200000	1.360000	0.000351	0.000000
F2	10.200000	1.380000	0.000330	0.000000
F2	10.250000	1.200000	0.000244	0.000000
F2	10.250000	1.220000	0.000278	0.000000
F2	10.250000	1.240000	0.000276	0.000000
F2	10.250000	1.260000	0.000265	0.000000
F2	10.250000	1.280000	0.000268	0.000000
F2	10.250000	1.300000	0.000285	0.000000
F2	10.250000	1.320000	0.000293	0.000000
F2	10.250000	1.340000	0.000311	0.000000
F2	10.250000	1.360000	0.000345	0.000000
F2	10.250000	1.380000	0.000324	0.000000
F2	10.300000	1.200000	0.000238	0.000000
F2	10.300000	1.220000	0.000272	0.000000
F2	10.300000	1.240000	0.000270	0.000000
F2	10.300000	1.260000	0.000259	0.000000
F2	10.300000	1.280000	0.000263	0.000000
F2	10.300000	1.300000	0.000280	0.000000
F2	10.300000	1.320000	0.000288	0.000000
F2	10.300000	1.340000	0.000306	0.000000
F2	10.300000	1.360000	0.000339	0.000000
F2	10.300000	1.380000	0.000319	0.000000
F2	10.350000	1.200000	0.000233	0.000000
F2	10.350000	1.220000	0.000266	0.000000
F2	10.350000	1.240000	0.000265	0.000000
F2	10.350000	1.260000	0.000254	0.000000
F2	10.350000	1.280000	0.000258	0.000000
F2	10.350000	1.300000	0.000275	0.000000
F2	10.350000	1.320000	0.000283	0.000000
F2	10.350000	1.340000	0.000300	0.000000
F2	10.350000	1.360000	0.000333	0.000000
F2	10.350000	1.380000	0.000313	0.000000
F2	10.400000	1.200000	0.000228	0.000000
F2	10.400000	1.220000	0.000261	0.000000
F2	10.400000	1.240000	0.000259	0.000000
F2	10.400000	1.260000	0.000249	0.000000
F2	10.400000	1.280000	0.000253	0.000000
F2	10.400000	1.300000	0.000269	0.000000
F2	10.400000	1.320000	0.000278	0.000000
F2	10.400000	1.340000	0.000295	0.000000
F2	10.400000	1.360000	0.000328	0.000000
F2	10.400000	1.380000	0.000308	0.000000
F2	10.450000	1.200000	0.000223	0.000000
F2	10.450000	1.220000	0.000255	0.000000
F2	10.450000	1.240000	0.000254	0.000000
F2	10.450000	1.260000	0.000244	0.000000
F2	10.450000	1.280000	0.000248	0.000000
F2	10.450000	1.300000	0.000265	0.000000
F2	10.450000	1.320000	0.000273	0.000000
F2	10.450000	1.340000	0.000290	0.000000
F2	10.450000	1.360000	0.000322	0.000000
F2	10.450000	1.380000	0.000302	0.000000
F2	10.500000	1.200000	0.000219	0.000000
F2	10.500000	1.220000	0.000250	0.000000
F2	10.500000	1.240000	0.000249	0.000000
F2	10.500000	1.260000	0.000240	0.000000
F2	10.500000	1.280000	0.000243	0.000000
F2	10.500000	1.300000	0.000260	0.000000
F2	10.500000	1.320000	0.000268	0.000000
F2	10.500000	1.340000	0.000285	0.000000
F2	10.500000	1.360000	0.000316	0.000000
F2	10.500000	1.380000	0.000297	0.000000
F2	10.550000	1.200000	0.000214	0.000000
F2	10.550000	1.220000	0.000245	0.000000
F2	10.550000	1.240000	0.000244	0.000000
F2	10.550000	1.260000	0.000235	0.000000
F2	10.550000	1.280000	0.000239	0.000000
F2	10.550000	1.300000	0.000255	0.000000
F2	10.550000	1.320000	0.000264	0.000000
F2	10.550000	1.340000	0.000280	0.000000
F2	10.550000	1.360000	0.000311	0.000000
F2	10.550000	1.380000	0.000292	0.000000
F2	10.600000	1.200000	0.000210	0.000000
F2	10.600000	1.220000	0.000239	0.000000
F2	10.600000	1.240000	0.000239	0.000000
F2	10.600000	1.260000	0.000230	0.000000
F2	10.600000	1.280000	0.000235	0.000000
F2	10.600000	1.300000	0.000251	0.000000
F2	10.600000	1.320000	0.000259	0.000000
F2	10.600000	1.340000	0.000275	0.000000
F2	10.600000	1.360000	0.000306	0.000000
F2	10.600000	1.380000	0.000287	0.000000
F2	10.650000	1.200000	0.000205	0.000000
F2	10.650000	1.220000	0.000235	0.000000
F2	10.650000	1.240000	0.000234	0.000000
F2	10.650000	1.260000	0.000226	0.000000
F2	10.650000	1.280000	0.000230	0.000000
F2	10.650000	1.300000	0.000246	0.000000
F2	10.650000	1.320000	0.000254	0.000000
F2	10.650000	1.340000	0.000270	0.000000
F2	10.650000	1.360000	0.000301	0.000000
F2	10.650000	1.380000	0.000282	0.000000
F2	10.700000	1.200000	0.000201	0.000000
F2	10.700000	1.220000	0.000230	0.000000
F2	10.700000	1.240000	0.000229	0.000000
F2	10.700000	1.260000	0.000222	0.000000
F2	10.700000	1.280000	0.000226	0.000000
F2	10.700000	1.300000	0.000242	0.000000
F2	10.700000	1.320000	0.000250	0.000000
F2	10.700000	1.340000	0.000266	0.000000
F2	10.700000	1.360000	0.000295	0.000000
F2	10.700000	1.380000	0.000278	0.000000
F2	10.750000	1.200000	0.000197	0.000000
F2	10.750000	1.220000	0.000225	0.000000
F2	10.750000	1.240000	0.000225	0.000000
F2	10.750000	1.260000	0.000217	0.000000
F2	10.750000	1.280000	0.000222	0.000000
F2	10.750000	1.300000	0.000237	0.000000
F2	10.750000	1.320000	0.000246	0.000000
F2	10.750000	1.340000	0.000261	0.000000
F2	10.750000	1.360000	0.000291	0.000000
F2	10.750000	1.380000	0.000273	0.000000
F2	10.800000	1.200000	0.000192	0.000000
F2	10.800000	1.220000	0.000220	0.000000
F2	10.800000	1.240000	0.000220	0.000000
F2	10.800000	1.260000	0.000213	0.000000
F2	10.800000	1.280000	0.000218	0.000000
F2	10.800000	1.300000	0.000233	0.000000
F2	10.800000	1.320000	0.000241	0.000000
F2	10.800000	1.340000	0.000257	0.000000
F2	10.800000	1.360000	0.000286	0.000000
F2	10.800000	1.380000	0.000268	0.000000
F2	10.850000	1.200000	0.000189	0.000000
F2	10.850000	1.220000	0.000216	0.000000
F2	10.850000	1.240000	0.000216	0.000000
F2	10.850000	1.260000	0.000209	0.000000
F2	10.850000	1.280000	0.000214	0.000000
F2	10.850000	1.300000	0.000229	0.000000
F2	10.850000	1.320000	0.000237	0.000000
F2	10.850000	1.340000	0.000252	0.000000
F2	10.850000	1.360000	0.000281	0.000000
F2	10.850000	1.380000	0.000264	0.000000
F2	10.900000	1.200000	0.000185	0.000000
F2	10.900000	1.220000	0.000211	0.000000
F2	10.900000	1.240000	0.000212	0.000000
F2	10.900000	1.260000	0.000205	0.000000
F2	10.900000	1.280000	0.000210	0.000000
F2	10.900000	1.300000	0.000225	0.000000
F2	10.900000	1.320000	0.000233	0.000000
F2	10.900000	1.340000	0.000248	0.000000
F2	10.900000	1.360000	0.000276	0.000000
F2	10.900000	1.380000	0.000259	0.000000
F2	10.950000	1.200000	0.000181	0.000000
F2	10.950000	1.220000	0.000207	0.000000
F2	10.950000	1.240000	0.000207	0.000000
F2	10.950000	1.260000	0.000201	0.000000
F2	10.950000	1.280000	0.000206	0.000000
F2	10.950000	1.300000	0.000221	0.000000
F2	10.950000	1.320000	0.000229	0.000000
F2	10.950000	1.340000	0.000244	0.000000
F2	10.950000	1.360000	0.000272	0.000000
F2	10.950000	1.380000	0.000255	0.000000
F2	11.000000	1.200000	0.000177	0.000000
F2	11.000000	1.220000	0.000203	0.000000
F2	11.000000	1.240000	0.000203	0.000000
F2	11.000000	1.260000	0.000198	0.000000
F2	11.000000	1.280000	0.000202	0.000000
F2	11.000000	1.300000	0.000217	0.000000
F2	11.000000	1.320000	0.000225	0.000000
F2	11.000000	1.340000	0.000240	0.000000
F2	11.000000	1.360000	0.000267	0.000000
F2	11.000000	1.380000	0.000251	0.000000
F2	11.050000	1.200000	0.000174	0.000000
F2	11.050000	1.220000	0.000199	0.000000
F2	11.050000	1.240000	0.000199	0.000000
F2	11.050000	1.260000	0.000194	0.000000
F2	11.050000	1.280000	0.000199	0.000000
F2	11.050000	1.300000	0.000214	0.000000
F2	11.050000	1.320000	0.000222	0.000000
F2	11.050000	1.340000	0.000236	0.000000
F2	11.050000	1.360000	0.000263	0.000000
F2	11.050000	1.380000	0.000247	0.000000
F2	11.100000	1.200000	0.000170	0.000000
F2	11.100000	1.220000	0.000195	0.000000
F2	11.100000	1.240000	0.000196	0.000000
F2	11.100000	1.260000	0.000190	0.000000
F2	11.100000	1.280000	0.000195	0.000000
F2	11.100000	1.300000	0.000210	0.000000
F2	11.100000	1.320000	0.000218	0.000000
F2	11.100000	1.340000	0.000232	0.000000
F2	11.100000	1.360000	0.000259	0.000000
F2	11.100000	1.380000	0.000243	0.000000
F2	11.150000	1.200000	0.000167	0.000000
F2	11.150000	1.220000	0.000191	0.000000
F2	11.150000	1.240000	0.000192	0.000000
F2	11.150000	1.260000	0.000187	0.000000
F2	11.150000	1.280000	0.000192	0.000000
F2	11.150000	1.300000	0.000206	0.000000
F2	11.150000	1.320000	0.000214	0.000000
F2	11.150000	1.340000	0.000228	0.000000
F2	11.150000	1.360000	0.000254	0.000000
F2	11.150000	1.380000	0.000239	0.000000
F2	11.200000	1.200000	0.000163	0.000000
F2	11.200000	1.220000	0.000187	0.000000
F2	11.200000	1.240000	0.000188	0.000000
F2	11.200000	1.260000	0.000183	0.000000
F2	11.200000	1.280000	0.000188	0.000000
F2	11.200000	1.300000	0.000203	0.000000
F2	11.200000	1.320000	0.000211	0.000000
F2	11.200000	1.340000	0.000225	0.000000
F2	11.200000	1.360000	0.000250	0.000000
F2	11.200000	1.380000	0.000235	0.000000
F2	11.250000	1.200000	0.000160	0.000000
F2	11.250000	1.220000	0.000183	0.000000
F2	11.250000	1.240000	0.000184	0.000000
F2	11.250000	1.260000	0.000180	0.000000
F2	11.250000	1.280000	0.000185	0.000000
F2	11.250000	1.300000	0.000199	0.000000
F2	11.250000	1.320000	0.000207	0.000000
F2	11.250000	1.340000	0.000221	0.000000
F2	11.250000	1.360000	0.000246	0.000000
F2	11.250000	1.380000	0.000231	0.000000
F2	11.300000	1.200000	0.000156	0.000000
F2	11.300000	1.220000	0.000180	0.000000
F2	11.300000	1.240000	0.000181	0.000000
F2	11.300000	1.260000	0.000177	0.000000
F2	11.300000	1.280000	0.000182	0.000000
F2	11.300000	1.300000	0.000196	0.000000
F2	11.300000	1.320000	0.000204	0.000000
F2	11.300000	1.340000	0.000217	0.000000
F2	11.300000	1.360000	0.000242	0.000000
F2	11.300000	1.380000	0.000228	0.000000
F2	11.350000	1.200000	0.000153	0.000000
F2	11.350000	1.220000	0.000176	0.000000
F2	11.350000	1.240000	0.000177	0.000000
F2	11.350000	1.260000	0.000173	0.000000
F2	11.350000	1.280000	0.000179	0.000000
F2	11.350000	1.300000	0.000193	0.000000
F2	11.350000	1.320000	0.000200	0.000000
F2	11.350000	1.340000	0.000214	0.000000
F2	11.350000	1.360000	0.000238	0.000000
F2	11.350000	1.380000	0.000224	0.000000
F2	11.400000	1.200000	0.000150	0.000000
F2	11.400000	1.220000	0.000173	0.000000
F2	11.400000	1.240000	0.000174	0.000000
F2	11.400000	1.260000	0.000170	0.000000
F2	11.400000	1.280000	0.000175	0.000000
F2	11.400000	1.300000	0.000190	0.000000
F2	11.400000	1.320000	0.000197	0.000000
F2	11.400000	1.340000	0.000210	0.000000
F2	11.400000	1.360000	0.000235	0.000000
F2	11.400000	1.380000	0.000220	0.000000
F2	11.450000	1.200000	0.000147	0.000000
F2	11.450000	1.220000	0.000169	0.000000
F2	11.450000	1.240000	0.000171	0.000000
F2	11.450000	1.260000	0.000167	0.000000
F2	11.450000	1.280000	0.000172	0.000000
F2	11.450000	1.300000	0.000186	0.000000
F2	11.450000	1.320000	0.000194	0.000000
F2	11.450000	1.340000	0.000207	0.000000
F2	11.450000	1.360000	0.000231	0.000000
F2	11.450000	1.380000	0.000217	0.000000
F2	11.500000	1.200000	0.000144	0.000000
F2	11.500000	1.220000	0.000166	0.000000
F2	11.500000	1.240000	0.000168	0.000000
F2	11.500000	1.260000	0.000164	0.000000
F2	11.500000	1.280000	0.000169	0.000000
F2	11.500000	1.300000	0.000183	0.000000
F2	11.500000	1.320000	0.000191	0.000000
F2	11.500000	1.340000	0.000204	0.000000
F2	11.500000	1.360000	0.000227	0.000000
F2	11.500000	1.380000	0.000214	0.000000
F2	11.550000	1.200000	0.000142	0.000000
F2	11.550000	1.220000	0.000163	0.000000
F2	11.550000	1.240000	0.000164	0.000000
F2	11.550000	1.260000	0.000161	0.000000
F2	11.550000	1.280000	0.000166	0.000000
F2	11.550000	1.300000	0.000180	0.000000
F2	11.550000	1.320000	0.000188	0.000000
F2	11.550000	1.340000	0.000200	0.000000
F2	11.550000	1.360000	0.000224	0.000000
F2	11.550000	1.380000	0.000210	0.000000
F2	11.600000	1.200000	0.000139	0.000000
F2	11.600000	1.220000	0.000160	0.000000
F2	11.600000	1.240000	0.000161	0.000000
F2	11.600000	1.260000	0.000158	0.000000
F2	11.600000	1.280000	0.000164	0.000000
F2	11.600000	1.300000	0.000177	0.000000
F2	11.600000	1.320000	0.000185	0.000000
F2	11.600000	1.340000	0.000197	0.000000
F2	11.600000	1.360000	0.000220	0.000000
F2	11.600000	1.380000	0.000207	0.000000
F2	11.650000	1.200000	0.000136	0.000000
F2	11.650000	1.220000	0.000156	0.000000
F2	11.650000	1.240000	0.000158	0.000000
F2	11.650000	1.260000	0.000156	0.000000
F2	11.650000	1.280000	0.000161	0.000000
F2	11.650000	1.300000	0.000174	0.000000
F2	11.650000	1.320000	0.000182	0.000000
F2	11.650000	1.340000	0.000194	0.000000
F2	11.650000	1.360000	0.000217	0.000000
F2	11.650000	1.380000	0.000204	0.000000
F2	11.700000	1.200000	0.000133	0.000000
F2	11.700000	1.220000	0.000153	0.000000
F2	11.700000	1.240000	0.000155	0.000000
F2	11.700000	1.260000	0.000153	0.000000
F2	11.700000	1.280000	0.000158	0.000000
F2	11.700000	1.300000	0.000171	0.000000
F2	11.700000	1.320000	0.000179	0.000000
F2	11.700000	1.340000	0.000191	0.000000
F2	11.700000	1.360000	0.000214	0.000000
F2	11.700000	1.380000	0.000201	0.000000
F2	11.750000	1.200000	0.000131	0.000000
F2	11.750000	1.220000	0.000150	0.000000
F2	11.750000	1.240000	0.000152	0.000000
F2	11.750000	1.260000	0.000150	0.000000
F2	11.750000	1.280000	0.000156	0.000000
F2	11.750000	1.300000	0.000169	0.000000
F2	11.750000	1.320000	0.000176	0.000000
F2	11.750000	1.340000	0.000188	0.000000
F2	11.750000	1.360000	0.000210	0.000000
F2	11.750000	1.380000	0.000198	0.000000
F2	11.800000	1.200000	0.000128	0.000000
F2	11.800000	1.220000	0.000148	0.000000
F2	11.800000	1.240000	0.000150	0.000000
F2	11.800000	1.260000	0.000147	0.000000
F2	11.800000	1.280000	0.000153	0.000000
F2	11.800000	1.300000	0.000166	0.000000
F2	11.800000	1.320000	0.000173	0.000000
F2	11.800000	1.340000	0.000185	0.000000
F2	11.800000	1.360000	0.000207	0.000000
F2	11.800000	1.380000	0.000195	0.000000
F2	11.850000	1.200000	0.000126	0.000000
F2	11.850000	1.220000	0.000145	0.000000
F2	11.850000	1.240000	0.000147	0.000000
F2	11.850000	1.260000	0.000145	0.000000
F2	11.850000	1.280000	0.000150	0.000000
F2	11.850000	1.300000	0.000163	0.000000
F2	11.850000	1.320000	0.000170	0.000000
F2	11.850000	1.340000	0.000182	0.000000
F2	11.850000	1.360000	0.000204	0.000000
F2	11.850000	1.380000	0.000192	0.000000
F2	11.900000	1.200000	0.000123	0.000000
F2	11.900000	1.220000	0.000142	0.000000
F2	11.900000	1.240000	0.000144	0.000000
F2	11.900000	1.260000	0.000142	0.000000
F2	11.900000	1.280000	0.000148	0.000000
F2	11.900000	1.300000	0.000161	0.000000
F2	11.900000	1.320000	0.000168	0.000000
F2	11.900000	1.340000	0.000180	0.000000
F2	11.900000	1.360000	0.000201	0.000000
F2	11.900000	1.380000	0.000189	0.000000
F2	11.950000	1.200000	0.000121	0.000000
F2	11.950000	1.220000	0.000139	0.000000
F2	11.950000	1.240000	0.000142	0.000000
F2	11.950000	1.260000	0.000140	0.000000
F2	11.950000	1.280000	0.000145	0.000000
F2	11.950000	1.300000	0.000158	0.000000
F2	11.950000	1.320000	0.000165	0.000000
F2	11.950000	1.340000	0.000177	0.000000
F2	11.950000	1.360000	0.000198	0.000000
F2	11.950000	1.380000	0.000186	0.000000
F2	12.000000	1.200000	0.000118	0.000000
F2	12.000000	1.220000	0.000137	0.000000
F2	12.000000	1.240000	0.000139	0.000000
F2	12.000000	1.260000	0.000137	0.000000
F2	12.000000	1.280000	0.000143	0.000000
F2	12.000000	1.300000	0.000155	0.000000
F2	12.000000	1.320000	0.000163	0.000000
F2	12.000000	1.340000	0.000174	0.000000
F2	12.000000	1.360000	0.000195	0.000000
F2	12.000000	1.380000	0.000183	0.000000
