Channel	Q^2	W, GeV	Quantity	Uncertainty
F1	1.750000	1.200000	0.063607	0.000000
F1	1.750000	1.220000	0.079284	0.000000
F1	1.750000	1.240000	0.064945	0.000000
F1	1.750000	1.260000	0.051948	0.000000
F1	1.750000	1.280000	0.044456	0.000000
F1	1.750000	1.300000	0.033254	0.000000
F1	1.750000	1.320000	0.029573	0.000000
F1	1.750000	1.340000	0.026923	0.000000
F1	1.750000	1.360000	0.019000	0.000000
F1	1.750000	1.380000	0.025834	0.000000
F1	1.800000	1.200000	0.061246	0.000000
F1	1.800000	1.220000	0.075522	0.000000
F1	1.800000	1.240000	0.062212	0.000000
F1	1.800000	1.260000	0.049841	0.000000
F1	1.800000	1.280000	0.042648	0.000000
F1	1.800000	1.300000	0.032414	0.000000
F1	1.800000	1.320000	0.028914	0.000000
F1	1.800000	1.340000	0.026497	0.000000
F1	1.800000	1.360000	0.019513	0.000000
F1	1.800000	1.380000	0.025462	0.000000
F1	1.850000	1.200000	0.058751	0.000000
F1	1.850000	1.220000	0.071781	0.000000
F1	1.850000	1.240000	0.059436	0.000000
F1	1.850000	1.260000	0.047699	0.000000
F1	1.850000	1.280000	0.040830	0.000000
F1	1.850000	1.300000	0.031477	0.000000
F1	1.850000	1.320000	0.028163	0.000000
F1	1.850000	1.340000	0.025962	0.000000
F1	1.850000	1.360000	0.019803	0.000000
F1	1.850000	1.380000	0.024988	0.000000
F1	1.900000	1.200000	0.056189	0.000000
F1	1.900000	1.220000	0.068111	0.000000
F1	1.900000	1.240000	0.056663	0.000000
F1	1.900000	1.260000	0.045558	0.000000
F1	1.900000	1.280000	0.039026	0.000000
F1	1.900000	1.300000	0.030474	0.000000
F1	1.900000	1.320000	0.027348	0.000000
F1	1.900000	1.340000	0.025348	0.000000
F1	1.900000	1.360000	0.019915	0.000000
F1	1.900000	1.380000	0.024439	0.000000
F1	1.950000	1.200000	0.053612	0.000000
F1	1.950000	1.220000	0.064542	0.000000
F1	1.950000	1.240000	0.053931	0.000000
F1	1.950000	1.260000	0.043447	0.000000
F1	1.950000	1.280000	0.037255	0.000000
F1	1.950000	1.300000	0.029433	0.000000
F1	1.950000	1.320000	0.026491	0.000000
F1	1.950000	1.340000	0.024676	0.000000
F1	1.950000	1.360000	0.019884	0.000000
F1	1.950000	1.380000	0.023834	0.000000
F1	2.000000	1.200000	0.051056	0.000000
F1	2.000000	1.220000	0.061099	0.000000
F1	2.000000	1.240000	0.051264	0.000000
F1	2.000000	1.260000	0.041383	0.000000
F1	2.000000	1.280000	0.035529	0.000000
F1	2.000000	1.300000	0.028372	0.000000
F1	2.000000	1.320000	0.025610	0.000000
F1	2.000000	1.340000	0.023966	0.000000
F1	2.000000	1.360000	0.019738	0.000000
F1	2.000000	1.380000	0.023190	0.000000
F1	2.050000	1.200000	0.048550	0.000000
F1	2.050000	1.220000	0.057796	0.000000
F1	2.050000	1.240000	0.048680	0.000000
F1	2.050000	1.260000	0.039381	0.000000
F1	2.050000	1.280000	0.033859	0.000000
F1	2.050000	1.300000	0.027306	0.000000
F1	2.050000	1.320000	0.024718	0.000000
F1	2.050000	1.340000	0.023231	0.000000
F1	2.050000	1.360000	0.019503	0.000000
F1	2.050000	1.380000	0.022521	0.000000
F1	2.100000	1.200000	0.046113	0.000000
F1	2.100000	1.220000	0.054641	0.000000
F1	2.100000	1.240000	0.046191	0.000000
F1	2.100000	1.260000	0.037448	0.000000
F1	2.100000	1.280000	0.032249	0.000000
F1	2.100000	1.300000	0.026248	0.000000
F1	2.100000	1.320000	0.023827	0.000000
F1	2.100000	1.340000	0.022482	0.000000
F1	2.100000	1.360000	0.019197	0.000000
F1	2.100000	1.380000	0.021837	0.000000
F1	2.150000	1.200000	0.043758	0.000000
F1	2.150000	1.220000	0.051638	0.000000
F1	2.150000	1.240000	0.043805	0.000000
F1	2.150000	1.260000	0.035592	0.000000
F1	2.150000	1.280000	0.030704	0.000000
F1	2.150000	1.300000	0.025205	0.000000
F1	2.150000	1.320000	0.022942	0.000000
F1	2.150000	1.340000	0.021730	0.000000
F1	2.150000	1.360000	0.018837	0.000000
F1	2.150000	1.380000	0.021145	0.000000
F1	2.200000	1.200000	0.041495	0.000000
F1	2.200000	1.220000	0.048789	0.000000
F1	2.200000	1.240000	0.041525	0.000000
F1	2.200000	1.260000	0.033816	0.000000
F1	2.200000	1.280000	0.029225	0.000000
F1	2.200000	1.300000	0.024184	0.000000
F1	2.200000	1.320000	0.022072	0.000000
F1	2.200000	1.340000	0.020980	0.000000
F1	2.200000	1.360000	0.018435	0.000000
F1	2.200000	1.380000	0.020453	0.000000
F1	2.250000	1.200000	0.039328	0.000000
F1	2.250000	1.220000	0.046091	0.000000
F1	2.250000	1.240000	0.039354	0.000000
F1	2.250000	1.260000	0.032121	0.000000
F1	2.250000	1.280000	0.027814	0.000000
F1	2.250000	1.300000	0.023190	0.000000
F1	2.250000	1.320000	0.021221	0.000000
F1	2.250000	1.340000	0.020237	0.000000
F1	2.250000	1.360000	0.018003	0.000000
F1	2.250000	1.380000	0.019766	0.000000
F1	2.300000	1.200000	0.037260	0.000000
F1	2.300000	1.220000	0.043540	0.000000
F1	2.300000	1.240000	0.037291	0.000000
F1	2.300000	1.260000	0.030507	0.000000
F1	2.300000	1.280000	0.026468	0.000000
F1	2.300000	1.300000	0.022226	0.000000
F1	2.300000	1.320000	0.020390	0.000000
F1	2.300000	1.340000	0.019508	0.000000
F1	2.300000	1.360000	0.017548	0.000000
F1	2.300000	1.380000	0.019088	0.000000
F1	2.350000	1.200000	0.035292	0.000000
F1	2.350000	1.220000	0.041134	0.000000
F1	2.350000	1.240000	0.035334	0.000000
F1	2.350000	1.260000	0.028972	0.000000
F1	2.350000	1.280000	0.025188	0.000000
F1	2.350000	1.300000	0.021294	0.000000
F1	2.350000	1.320000	0.019584	0.000000
F1	2.350000	1.340000	0.018793	0.000000
F1	2.350000	1.360000	0.017078	0.000000
F1	2.350000	1.380000	0.018422	0.000000
F1	2.400000	1.200000	0.033424	0.000000
F1	2.400000	1.220000	0.038864	0.000000
F1	2.400000	1.240000	0.033480	0.000000
F1	2.400000	1.260000	0.027516	0.000000
F1	2.400000	1.280000	0.023972	0.000000
F1	2.400000	1.300000	0.020396	0.000000
F1	2.400000	1.320000	0.018805	0.000000
F1	2.400000	1.340000	0.018096	0.000000
F1	2.400000	1.360000	0.016599	0.000000
F1	2.400000	1.380000	0.017770	0.000000
F1	2.450000	1.200000	0.031652	0.000000
F1	2.450000	1.220000	0.036727	0.000000
F1	2.450000	1.240000	0.031726	0.000000
F1	2.450000	1.260000	0.026136	0.000000
F1	2.450000	1.280000	0.022818	0.000000
F1	2.450000	1.300000	0.019532	0.000000
F1	2.450000	1.320000	0.018051	0.000000
F1	2.450000	1.340000	0.017419	0.000000
F1	2.450000	1.360000	0.016116	0.000000
F1	2.450000	1.380000	0.017134	0.000000
F1	2.500000	1.200000	0.029975	0.000000
F1	2.500000	1.220000	0.034715	0.000000
F1	2.500000	1.240000	0.030069	0.000000
F1	2.500000	1.260000	0.024828	0.000000
F1	2.500000	1.280000	0.021723	0.000000
F1	2.500000	1.300000	0.018703	0.000000
F1	2.500000	1.320000	0.017325	0.000000
F1	2.500000	1.340000	0.016762	0.000000
F1	2.500000	1.360000	0.015632	0.000000
F1	2.500000	1.380000	0.016516	0.000000
F1	2.550000	1.200000	0.028389	0.000000
F1	2.550000	1.220000	0.032822	0.000000
F1	2.550000	1.240000	0.028504	0.000000
F1	2.550000	1.260000	0.023590	0.000000
F1	2.550000	1.280000	0.020684	0.000000
F1	2.550000	1.300000	0.017908	0.000000
F1	2.550000	1.320000	0.016627	0.000000
F1	2.550000	1.340000	0.016127	0.000000
F1	2.550000	1.360000	0.015151	0.000000
F1	2.550000	1.380000	0.015916	0.000000
F1	2.600000	1.200000	0.026890	0.000000
F1	2.600000	1.220000	0.031041	0.000000
F1	2.600000	1.240000	0.027026	0.000000
F1	2.600000	1.260000	0.022419	0.000000
F1	2.600000	1.280000	0.019701	0.000000
F1	2.600000	1.300000	0.017147	0.000000
F1	2.600000	1.320000	0.015956	0.000000
F1	2.600000	1.340000	0.015513	0.000000
F1	2.600000	1.360000	0.014675	0.000000
F1	2.600000	1.380000	0.015335	0.000000
F1	2.650000	1.200000	0.025475	0.000000
F1	2.650000	1.220000	0.029367	0.000000
F1	2.650000	1.240000	0.025632	0.000000
F1	2.650000	1.260000	0.021312	0.000000
F1	2.650000	1.280000	0.018768	0.000000
F1	2.650000	1.300000	0.016419	0.000000
F1	2.650000	1.320000	0.015311	0.000000
F1	2.650000	1.340000	0.014921	0.000000
F1	2.650000	1.360000	0.014206	0.000000
F1	2.650000	1.380000	0.014773	0.000000
F1	2.700000	1.200000	0.024140	0.000000
F1	2.700000	1.220000	0.027793	0.000000
F1	2.700000	1.240000	0.024317	0.000000
F1	2.700000	1.260000	0.020265	0.000000
F1	2.700000	1.280000	0.017886	0.000000
F1	2.700000	1.300000	0.015723	0.000000
F1	2.700000	1.320000	0.014694	0.000000
F1	2.700000	1.340000	0.014351	0.000000
F1	2.700000	1.360000	0.013746	0.000000
F1	2.700000	1.380000	0.014230	0.000000
F1	2.750000	1.200000	0.022880	0.000000
F1	2.750000	1.220000	0.026312	0.000000
F1	2.750000	1.240000	0.023077	0.000000
F1	2.750000	1.260000	0.019276	0.000000
F1	2.750000	1.280000	0.017050	0.000000
F1	2.750000	1.300000	0.015059	0.000000
F1	2.750000	1.320000	0.014102	0.000000
F1	2.750000	1.340000	0.013802	0.000000
F1	2.750000	1.360000	0.013295	0.000000
F1	2.750000	1.380000	0.013707	0.000000
F1	2.800000	1.200000	0.021692	0.000000
F1	2.800000	1.220000	0.024921	0.000000
F1	2.800000	1.240000	0.021908	0.000000
F1	2.800000	1.260000	0.018340	0.000000
F1	2.800000	1.280000	0.016258	0.000000
F1	2.800000	1.300000	0.014425	0.000000
F1	2.800000	1.320000	0.013535	0.000000
F1	2.800000	1.340000	0.013275	0.000000
F1	2.800000	1.360000	0.012855	0.000000
F1	2.800000	1.380000	0.013202	0.000000
F1	2.850000	1.200000	0.020572	0.000000
F1	2.850000	1.220000	0.023612	0.000000
F1	2.850000	1.240000	0.020805	0.000000
F1	2.850000	1.260000	0.017456	0.000000
F1	2.850000	1.280000	0.015508	0.000000
F1	2.850000	1.300000	0.013819	0.000000
F1	2.850000	1.320000	0.012993	0.000000
F1	2.850000	1.340000	0.012768	0.000000
F1	2.850000	1.360000	0.012427	0.000000
F1	2.850000	1.380000	0.012716	0.000000
F1	2.900000	1.200000	0.019516	0.000000
F1	2.900000	1.220000	0.022381	0.000000
F1	2.900000	1.240000	0.019765	0.000000
F1	2.900000	1.260000	0.016621	0.000000
F1	2.900000	1.280000	0.014798	0.000000
F1	2.900000	1.300000	0.013242	0.000000
F1	2.900000	1.320000	0.012474	0.000000
F1	2.900000	1.340000	0.012281	0.000000
F1	2.900000	1.360000	0.012010	0.000000
F1	2.900000	1.380000	0.012248	0.000000
F1	2.950000	1.200000	0.018520	0.000000
F1	2.950000	1.220000	0.021224	0.000000
F1	2.950000	1.240000	0.018783	0.000000
F1	2.950000	1.260000	0.015831	0.000000
F1	2.950000	1.280000	0.014125	0.000000
F1	2.950000	1.300000	0.012691	0.000000
F1	2.950000	1.320000	0.011977	0.000000
F1	2.950000	1.340000	0.011814	0.000000
F1	2.950000	1.360000	0.011605	0.000000
F1	2.950000	1.380000	0.011798	0.000000
F1	3.000000	1.200000	0.017581	0.000000
F1	3.000000	1.220000	0.020134	0.000000
F1	3.000000	1.240000	0.017857	0.000000
F1	3.000000	1.260000	0.015084	0.000000
F1	3.000000	1.280000	0.013487	0.000000
F1	3.000000	1.300000	0.012166	0.000000
F1	3.000000	1.320000	0.011502	0.000000
F1	3.000000	1.340000	0.011366	0.000000
F1	3.000000	1.360000	0.011212	0.000000
F1	3.000000	1.380000	0.011366	0.000000
F1	3.050000	1.200000	0.016696	0.000000
F1	3.050000	1.220000	0.019109	0.000000
F1	3.050000	1.240000	0.016984	0.000000
F1	3.050000	1.260000	0.014378	0.000000
F1	3.050000	1.280000	0.012883	0.000000
F1	3.050000	1.300000	0.011665	0.000000
F1	3.050000	1.320000	0.011049	0.000000
F1	3.050000	1.340000	0.010937	0.000000
F1	3.050000	1.360000	0.010832	0.000000
F1	3.050000	1.380000	0.010950	0.000000
F1	3.100000	1.200000	0.015860	0.000000
F1	3.100000	1.220000	0.018143	0.000000
F1	3.100000	1.240000	0.016160	0.000000
F1	3.100000	1.260000	0.013710	0.000000
F1	3.100000	1.280000	0.012310	0.000000
F1	3.100000	1.300000	0.011187	0.000000
F1	3.100000	1.320000	0.010615	0.000000
F1	3.100000	1.340000	0.010524	0.000000
F1	3.100000	1.360000	0.010464	0.000000
F1	3.100000	1.380000	0.010551	0.000000
F1	3.150000	1.200000	0.015073	0.000000
F1	3.150000	1.220000	0.017235	0.000000
F1	3.150000	1.240000	0.015382	0.000000
F1	3.150000	1.260000	0.013078	0.000000
F1	3.150000	1.280000	0.011767	0.000000
F1	3.150000	1.300000	0.010732	0.000000
F1	3.150000	1.320000	0.010200	0.000000
F1	3.150000	1.340000	0.010129	0.000000
F1	3.150000	1.360000	0.010108	0.000000
F1	3.150000	1.380000	0.010167	0.000000
F1	3.200000	1.200000	0.014330	0.000000
F1	3.200000	1.220000	0.016378	0.000000
F1	3.200000	1.240000	0.014647	0.000000
F1	3.200000	1.260000	0.012480	0.000000
F1	3.200000	1.280000	0.011252	0.000000
F1	3.200000	1.300000	0.010297	0.000000
F1	3.200000	1.320000	0.009803	0.000000
F1	3.200000	1.340000	0.009751	0.000000
F1	3.200000	1.360000	0.009763	0.000000
F1	3.200000	1.380000	0.009799	0.000000
F1	3.250000	1.200000	0.013629	0.000000
F1	3.250000	1.220000	0.015571	0.000000
F1	3.250000	1.240000	0.013953	0.000000
F1	3.250000	1.260000	0.011913	0.000000
F1	3.250000	1.280000	0.010763	0.000000
F1	3.250000	1.300000	0.009883	0.000000
F1	3.250000	1.320000	0.009424	0.000000
F1	3.250000	1.340000	0.009388	0.000000
F1	3.250000	1.360000	0.009431	0.000000
F1	3.250000	1.380000	0.009445	0.000000
F1	3.300000	1.200000	0.012967	0.000000
F1	3.300000	1.220000	0.014810	0.000000
F1	3.300000	1.240000	0.013297	0.000000
F1	3.300000	1.260000	0.011377	0.000000
F1	3.300000	1.280000	0.010300	0.000000
F1	3.300000	1.300000	0.009488	0.000000
F1	3.300000	1.320000	0.009062	0.000000
F1	3.300000	1.340000	0.009040	0.000000
F1	3.300000	1.360000	0.009111	0.000000
F1	3.300000	1.380000	0.009105	0.000000
F1	3.350000	1.200000	0.012341	0.000000
F1	3.350000	1.220000	0.014093	0.000000
F1	3.350000	1.240000	0.012677	0.000000
F1	3.350000	1.260000	0.010869	0.000000
F1	3.350000	1.280000	0.009859	0.000000
F1	3.350000	1.300000	0.009111	0.000000
F1	3.350000	1.320000	0.008716	0.000000
F1	3.350000	1.340000	0.008707	0.000000
F1	3.350000	1.360000	0.008801	0.000000
F1	3.350000	1.380000	0.008779	0.000000
F1	3.400000	1.200000	0.011751	0.000000
F1	3.400000	1.220000	0.013415	0.000000
F1	3.400000	1.240000	0.012090	0.000000
F1	3.400000	1.260000	0.010388	0.000000
F1	3.400000	1.280000	0.009442	0.000000
F1	3.400000	1.300000	0.008752	0.000000
F1	3.400000	1.320000	0.008384	0.000000
F1	3.400000	1.340000	0.008387	0.000000
F1	3.400000	1.360000	0.008503	0.000000
F1	3.400000	1.380000	0.008466	0.000000
F1	3.450000	1.200000	0.011194	0.000000
F1	3.450000	1.220000	0.012776	0.000000
F1	3.450000	1.240000	0.011536	0.000000
F1	3.450000	1.260000	0.009931	0.000000
F1	3.450000	1.280000	0.009044	0.000000
F1	3.450000	1.300000	0.008409	0.000000
F1	3.450000	1.320000	0.008067	0.000000
F1	3.450000	1.340000	0.008081	0.000000
F1	3.450000	1.360000	0.008215	0.000000
F1	3.450000	1.380000	0.008165	0.000000
F1	3.500000	1.200000	0.010666	0.000000
F1	3.500000	1.220000	0.012172	0.000000
F1	3.500000	1.240000	0.011011	0.000000
F1	3.500000	1.260000	0.009499	0.000000
F1	3.500000	1.280000	0.008667	0.000000
F1	3.500000	1.300000	0.008081	0.000000
F1	3.500000	1.320000	0.007764	0.000000
F1	3.500000	1.340000	0.007787	0.000000
F1	3.500000	1.360000	0.007938	0.000000
F1	3.500000	1.380000	0.007877	0.000000
F1	3.550000	1.200000	0.010168	0.000000
F1	3.550000	1.220000	0.011602	0.000000
F1	3.550000	1.240000	0.010514	0.000000
F1	3.550000	1.260000	0.009088	0.000000
F1	3.550000	1.280000	0.008308	0.000000
F1	3.550000	1.300000	0.007768	0.000000
F1	3.550000	1.320000	0.007474	0.000000
F1	3.550000	1.340000	0.007506	0.000000
F1	3.550000	1.360000	0.007671	0.000000
F1	3.550000	1.380000	0.007600	0.000000
F1	3.600000	1.200000	0.009696	0.000000
F1	3.600000	1.220000	0.011064	0.000000
F1	3.600000	1.240000	0.010044	0.000000
F1	3.600000	1.260000	0.008699	0.000000
F1	3.600000	1.280000	0.007967	0.000000
F1	3.600000	1.300000	0.007470	0.000000
F1	3.600000	1.320000	0.007197	0.000000
F1	3.600000	1.340000	0.007236	0.000000
F1	3.600000	1.360000	0.007414	0.000000
F1	3.600000	1.380000	0.007334	0.000000
F1	3.650000	1.200000	0.009251	0.000000
F1	3.650000	1.220000	0.010554	0.000000
F1	3.650000	1.240000	0.009598	0.000000
F1	3.650000	1.260000	0.008329	0.000000
F1	3.650000	1.280000	0.007642	0.000000
F1	3.650000	1.300000	0.007185	0.000000
F1	3.650000	1.320000	0.006932	0.000000
F1	3.650000	1.340000	0.006978	0.000000
F1	3.650000	1.360000	0.007165	0.000000
F1	3.650000	1.380000	0.007078	0.000000
F1	3.700000	1.200000	0.008829	0.000000
F1	3.700000	1.220000	0.010072	0.000000
F1	3.700000	1.240000	0.009176	0.000000
F1	3.700000	1.260000	0.007978	0.000000
F1	3.700000	1.280000	0.007333	0.000000
F1	3.700000	1.300000	0.006912	0.000000
F1	3.700000	1.320000	0.006678	0.000000
F1	3.700000	1.340000	0.006730	0.000000
F1	3.700000	1.360000	0.006927	0.000000
F1	3.700000	1.380000	0.006833	0.000000
F1	3.750000	1.200000	0.008429	0.000000
F1	3.750000	1.220000	0.009616	0.000000
F1	3.750000	1.240000	0.008775	0.000000
F1	3.750000	1.260000	0.007644	0.000000
F1	3.750000	1.280000	0.007040	0.000000
F1	3.750000	1.300000	0.006652	0.000000
F1	3.750000	1.320000	0.006434	0.000000
F1	3.750000	1.340000	0.006492	0.000000
F1	3.750000	1.360000	0.006696	0.000000
F1	3.750000	1.380000	0.006597	0.000000
F1	3.800000	1.200000	0.008051	0.000000
F1	3.800000	1.220000	0.009184	0.000000
F1	3.800000	1.240000	0.008395	0.000000
F1	3.800000	1.260000	0.007327	0.000000
F1	3.800000	1.280000	0.006760	0.000000
F1	3.800000	1.300000	0.006403	0.000000
F1	3.800000	1.320000	0.006201	0.000000
F1	3.800000	1.340000	0.006264	0.000000
F1	3.800000	1.360000	0.006475	0.000000
F1	3.800000	1.380000	0.006371	0.000000
F1	3.850000	1.200000	0.007692	0.000000
F1	3.850000	1.220000	0.008775	0.000000
F1	3.850000	1.240000	0.008035	0.000000
F1	3.850000	1.260000	0.007026	0.000000
F1	3.850000	1.280000	0.006493	0.000000
F1	3.850000	1.300000	0.006165	0.000000
F1	3.850000	1.320000	0.005978	0.000000
F1	3.850000	1.340000	0.006045	0.000000
F1	3.850000	1.360000	0.006261	0.000000
F1	3.850000	1.380000	0.006153	0.000000
F1	3.900000	1.200000	0.007352	0.000000
F1	3.900000	1.220000	0.008388	0.000000
F1	3.900000	1.240000	0.007693	0.000000
F1	3.900000	1.260000	0.006739	0.000000
F1	3.900000	1.280000	0.006239	0.000000
F1	3.900000	1.300000	0.005938	0.000000
F1	3.900000	1.320000	0.005765	0.000000
F1	3.900000	1.340000	0.005835	0.000000
F1	3.900000	1.360000	0.006056	0.000000
F1	3.900000	1.380000	0.005944	0.000000
F1	3.950000	1.200000	0.007030	0.000000
F1	3.950000	1.220000	0.008021	0.000000
F1	3.950000	1.240000	0.007368	0.000000
F1	3.950000	1.260000	0.006466	0.000000
F1	3.950000	1.280000	0.005996	0.000000
F1	3.950000	1.300000	0.005720	0.000000
F1	3.950000	1.320000	0.005560	0.000000
F1	3.950000	1.340000	0.005633	0.000000
F1	3.950000	1.360000	0.005858	0.000000
F1	3.950000	1.380000	0.005744	0.000000
F1	4.000000	1.200000	0.006724	0.000000
F1	4.000000	1.220000	0.007672	0.000000
F1	4.000000	1.240000	0.007059	0.000000
F1	4.000000	1.260000	0.006206	0.000000
F1	4.000000	1.280000	0.005765	0.000000
F1	4.000000	1.300000	0.005512	0.000000
F1	4.000000	1.320000	0.005364	0.000000
F1	4.000000	1.340000	0.005440	0.000000
F1	4.000000	1.360000	0.005667	0.000000
F1	4.000000	1.380000	0.005551	0.000000
F1	4.050000	1.200000	0.006434	0.000000
F1	4.050000	1.220000	0.007342	0.000000
F1	4.050000	1.240000	0.006766	0.000000
F1	4.050000	1.260000	0.005959	0.000000
F1	4.050000	1.280000	0.005544	0.000000
F1	4.050000	1.300000	0.005313	0.000000
F1	4.050000	1.320000	0.005176	0.000000
F1	4.050000	1.340000	0.005254	0.000000
F1	4.050000	1.360000	0.005483	0.000000
F1	4.050000	1.380000	0.005365	0.000000
F1	4.100000	1.200000	0.006158	0.000000
F1	4.100000	1.220000	0.007028	0.000000
F1	4.100000	1.240000	0.006487	0.000000
F1	4.100000	1.260000	0.005723	0.000000
F1	4.100000	1.280000	0.005334	0.000000
F1	4.100000	1.300000	0.005122	0.000000
F1	4.100000	1.320000	0.004995	0.000000
F1	4.100000	1.340000	0.005076	0.000000
F1	4.100000	1.360000	0.005306	0.000000
F1	4.100000	1.380000	0.005187	0.000000
F1	4.150000	1.200000	0.005897	0.000000
F1	4.150000	1.220000	0.006731	0.000000
F1	4.150000	1.240000	0.006222	0.000000
F1	4.150000	1.260000	0.005499	0.000000
F1	4.150000	1.280000	0.005133	0.000000
F1	4.150000	1.300000	0.004939	0.000000
F1	4.150000	1.320000	0.004822	0.000000
F1	4.150000	1.340000	0.004904	0.000000
F1	4.150000	1.360000	0.005135	0.000000
F1	4.150000	1.380000	0.005015	0.000000
F1	4.200000	1.200000	0.005648	0.000000
F1	4.200000	1.220000	0.006448	0.000000
F1	4.200000	1.240000	0.005969	0.000000
F1	4.200000	1.260000	0.005285	0.000000
F1	4.200000	1.280000	0.004941	0.000000
F1	4.200000	1.300000	0.004764	0.000000
F1	4.200000	1.320000	0.004656	0.000000
F1	4.200000	1.340000	0.004740	0.000000
F1	4.200000	1.360000	0.004971	0.000000
F1	4.200000	1.380000	0.004851	0.000000
F1	4.250000	1.200000	0.005412	0.000000
F1	4.250000	1.220000	0.006179	0.000000
F1	4.250000	1.240000	0.005729	0.000000
F1	4.250000	1.260000	0.005081	0.000000
F1	4.250000	1.280000	0.004758	0.000000
F1	4.250000	1.300000	0.004597	0.000000
F1	4.250000	1.320000	0.004497	0.000000
F1	4.250000	1.340000	0.004581	0.000000
F1	4.250000	1.360000	0.004813	0.000000
F1	4.250000	1.380000	0.004692	0.000000
F1	4.300000	1.200000	0.005187	0.000000
F1	4.300000	1.220000	0.005923	0.000000
F1	4.300000	1.240000	0.005500	0.000000
F1	4.300000	1.260000	0.004886	0.000000
F1	4.300000	1.280000	0.004582	0.000000
F1	4.300000	1.300000	0.004436	0.000000
F1	4.300000	1.320000	0.004344	0.000000
F1	4.300000	1.340000	0.004429	0.000000
F1	4.300000	1.360000	0.004660	0.000000
F1	4.300000	1.380000	0.004539	0.000000
F1	4.350000	1.200000	0.004974	0.000000
F1	4.350000	1.220000	0.005681	0.000000
F1	4.350000	1.240000	0.005282	0.000000
F1	4.350000	1.260000	0.004700	0.000000
F1	4.350000	1.280000	0.004415	0.000000
F1	4.350000	1.300000	0.004282	0.000000
F1	4.350000	1.320000	0.004197	0.000000
F1	4.350000	1.340000	0.004283	0.000000
F1	4.350000	1.360000	0.004513	0.000000
F1	4.350000	1.380000	0.004392	0.000000
F1	4.400000	1.200000	0.004771	0.000000
F1	4.400000	1.220000	0.005449	0.000000
F1	4.400000	1.240000	0.005075	0.000000
F1	4.400000	1.260000	0.004523	0.000000
F1	4.400000	1.280000	0.004255	0.000000
F1	4.400000	1.300000	0.004134	0.000000
F1	4.400000	1.320000	0.004057	0.000000
F1	4.400000	1.340000	0.004143	0.000000
F1	4.400000	1.360000	0.004371	0.000000
F1	4.400000	1.380000	0.004251	0.000000
F1	4.450000	1.200000	0.004577	0.000000
F1	4.450000	1.220000	0.005229	0.000000
F1	4.450000	1.240000	0.004877	0.000000
F1	4.450000	1.260000	0.004353	0.000000
F1	4.450000	1.280000	0.004101	0.000000
F1	4.450000	1.300000	0.003992	0.000000
F1	4.450000	1.320000	0.003921	0.000000
F1	4.450000	1.340000	0.004008	0.000000
F1	4.450000	1.360000	0.004235	0.000000
F1	4.450000	1.380000	0.004115	0.000000
F1	4.500000	1.200000	0.004393	0.000000
F1	4.500000	1.220000	0.005020	0.000000
F1	4.500000	1.240000	0.004688	0.000000
F1	4.500000	1.260000	0.004191	0.000000
F1	4.500000	1.280000	0.003955	0.000000
F1	4.500000	1.300000	0.003856	0.000000
F1	4.500000	1.320000	0.003791	0.000000
F1	4.500000	1.340000	0.003878	0.000000
F1	4.500000	1.360000	0.004103	0.000000
F1	4.500000	1.380000	0.003984	0.000000
F1	4.550000	1.200000	0.004218	0.000000
F1	4.550000	1.220000	0.004821	0.000000
F1	4.550000	1.240000	0.004508	0.000000
F1	4.550000	1.260000	0.004037	0.000000
F1	4.550000	1.280000	0.003814	0.000000
F1	4.550000	1.300000	0.003726	0.000000
F1	4.550000	1.320000	0.003666	0.000000
F1	4.550000	1.340000	0.003753	0.000000
F1	4.550000	1.360000	0.003976	0.000000
F1	4.550000	1.380000	0.003858	0.000000
F1	4.600000	1.200000	0.004051	0.000000
F1	4.600000	1.220000	0.004631	0.000000
F1	4.600000	1.240000	0.004337	0.000000
F1	4.600000	1.260000	0.003889	0.000000
F1	4.600000	1.280000	0.003680	0.000000
F1	4.600000	1.300000	0.003601	0.000000
F1	4.600000	1.320000	0.003546	0.000000
F1	4.600000	1.340000	0.003632	0.000000
F1	4.600000	1.360000	0.003853	0.000000
F1	4.600000	1.380000	0.003737	0.000000
F1	4.650000	1.200000	0.003891	0.000000
F1	4.650000	1.220000	0.004449	0.000000
F1	4.650000	1.240000	0.004172	0.000000
F1	4.650000	1.260000	0.003748	0.000000
F1	4.650000	1.280000	0.003551	0.000000
F1	4.650000	1.300000	0.003481	0.000000
F1	4.650000	1.320000	0.003431	0.000000
F1	4.650000	1.340000	0.003517	0.000000
F1	4.650000	1.360000	0.003735	0.000000
F1	4.650000	1.380000	0.003620	0.000000
F1	4.700000	1.200000	0.003739	0.000000
F1	4.700000	1.220000	0.004277	0.000000
F1	4.700000	1.240000	0.004016	0.000000
F1	4.700000	1.260000	0.003612	0.000000
F1	4.700000	1.280000	0.003428	0.000000
F1	4.700000	1.300000	0.003365	0.000000
F1	4.700000	1.320000	0.003320	0.000000
F1	4.700000	1.340000	0.003405	0.000000
F1	4.700000	1.360000	0.003621	0.000000
F1	4.700000	1.380000	0.003507	0.000000
F1	4.750000	1.200000	0.003595	0.000000
F1	4.750000	1.220000	0.004112	0.000000
F1	4.750000	1.240000	0.003866	0.000000
F1	4.750000	1.260000	0.003483	0.000000
F1	4.750000	1.280000	0.003309	0.000000
F1	4.750000	1.300000	0.003254	0.000000
F1	4.750000	1.320000	0.003213	0.000000
F1	4.750000	1.340000	0.003298	0.000000
F1	4.750000	1.360000	0.003511	0.000000
F1	4.750000	1.380000	0.003398	0.000000
F1	4.800000	1.200000	0.003456	0.000000
F1	4.800000	1.220000	0.003954	0.000000
F1	4.800000	1.240000	0.003723	0.000000
F1	4.800000	1.260000	0.003359	0.000000
F1	4.800000	1.280000	0.003196	0.000000
F1	4.800000	1.300000	0.003148	0.000000
F1	4.800000	1.320000	0.003110	0.000000
F1	4.800000	1.340000	0.003195	0.000000
F1	4.800000	1.360000	0.003405	0.000000
F1	4.800000	1.380000	0.003294	0.000000
F1	4.850000	1.200000	0.003324	0.000000
F1	4.850000	1.220000	0.003805	0.000000
F1	4.850000	1.240000	0.003587	0.000000
F1	4.850000	1.260000	0.003241	0.000000
F1	4.850000	1.280000	0.003087	0.000000
F1	4.850000	1.300000	0.003045	0.000000
F1	4.850000	1.320000	0.003012	0.000000
F1	4.850000	1.340000	0.003095	0.000000
F1	4.850000	1.360000	0.003303	0.000000
F1	4.850000	1.380000	0.003193	0.000000
F1	4.900000	1.200000	0.003198	0.000000
F1	4.900000	1.220000	0.003661	0.000000
F1	4.900000	1.240000	0.003456	0.000000
F1	4.900000	1.260000	0.003127	0.000000
F1	4.900000	1.280000	0.002983	0.000000
F1	4.900000	1.300000	0.002946	0.000000
F1	4.900000	1.320000	0.002916	0.000000
F1	4.900000	1.340000	0.002999	0.000000
F1	4.900000	1.360000	0.003204	0.000000
F1	4.900000	1.380000	0.003095	0.000000
F1	4.950000	1.200000	0.003078	0.000000
F1	4.950000	1.220000	0.003524	0.000000
F1	4.950000	1.240000	0.003331	0.000000
F1	4.950000	1.260000	0.003018	0.000000
F1	4.950000	1.280000	0.002883	0.000000
F1	4.950000	1.300000	0.002852	0.000000
F1	4.950000	1.320000	0.002825	0.000000
F1	4.950000	1.340000	0.002907	0.000000
F1	4.950000	1.360000	0.003108	0.000000
F1	4.950000	1.380000	0.003001	0.000000
F1	5.000000	1.200000	0.002963	0.000000
F1	5.000000	1.220000	0.003393	0.000000
F1	5.000000	1.240000	0.003211	0.000000
F1	5.000000	1.260000	0.002914	0.000000
F1	5.000000	1.280000	0.002786	0.000000
F1	5.000000	1.300000	0.002761	0.000000
F1	5.000000	1.320000	0.002737	0.000000
F1	5.000000	1.340000	0.002818	0.000000
F1	5.000000	1.360000	0.003016	0.000000
F1	5.000000	1.380000	0.002911	0.000000
F1	5.050000	1.200000	0.002853	0.000000
F1	5.050000	1.220000	0.003268	0.000000
F1	5.050000	1.240000	0.003097	0.000000
F1	5.050000	1.260000	0.002814	0.000000
F1	5.050000	1.280000	0.002694	0.000000
F1	5.050000	1.300000	0.002673	0.000000
F1	5.050000	1.320000	0.002652	0.000000
F1	5.050000	1.340000	0.002732	0.000000
F1	5.050000	1.360000	0.002927	0.000000
F1	5.050000	1.380000	0.002824	0.000000
F1	5.100000	1.200000	0.002748	0.000000
F1	5.100000	1.220000	0.003149	0.000000
F1	5.100000	1.240000	0.002987	0.000000
F1	5.100000	1.260000	0.002718	0.000000
F1	5.100000	1.280000	0.002606	0.000000
F1	5.100000	1.300000	0.002589	0.000000
F1	5.100000	1.320000	0.002570	0.000000
F1	5.100000	1.340000	0.002649	0.000000
F1	5.100000	1.360000	0.002841	0.000000
F1	5.100000	1.380000	0.002739	0.000000
F1	5.150000	1.200000	0.002648	0.000000
F1	5.150000	1.220000	0.003035	0.000000
F1	5.150000	1.240000	0.002882	0.000000
F1	5.150000	1.260000	0.002626	0.000000
F1	5.150000	1.280000	0.002520	0.000000
F1	5.150000	1.300000	0.002508	0.000000
F1	5.150000	1.320000	0.002491	0.000000
F1	5.150000	1.340000	0.002570	0.000000
F1	5.150000	1.360000	0.002758	0.000000
F1	5.150000	1.380000	0.002658	0.000000
F1	5.200000	1.200000	0.002551	0.000000
F1	5.200000	1.220000	0.002925	0.000000
F1	5.200000	1.240000	0.002781	0.000000
F1	5.200000	1.260000	0.002538	0.000000
F1	5.200000	1.280000	0.002439	0.000000
F1	5.200000	1.300000	0.002429	0.000000
F1	5.200000	1.320000	0.002415	0.000000
F1	5.200000	1.340000	0.002493	0.000000
F1	5.200000	1.360000	0.002678	0.000000
F1	5.200000	1.380000	0.002580	0.000000
F1	5.250000	1.200000	0.002460	0.000000
F1	5.250000	1.220000	0.002821	0.000000
F1	5.250000	1.240000	0.002685	0.000000
F1	5.250000	1.260000	0.002453	0.000000
F1	5.250000	1.280000	0.002360	0.000000
F1	5.250000	1.300000	0.002354	0.000000
F1	5.250000	1.320000	0.002342	0.000000
F1	5.250000	1.340000	0.002419	0.000000
F1	5.250000	1.360000	0.002601	0.000000
F1	5.250000	1.380000	0.002504	0.000000
F1	5.300000	1.200000	0.002372	0.000000
F1	5.300000	1.220000	0.002720	0.000000
F1	5.300000	1.240000	0.002593	0.000000
F1	5.300000	1.260000	0.002371	0.000000
F1	5.300000	1.280000	0.002284	0.000000
F1	5.300000	1.300000	0.002282	0.000000
F1	5.300000	1.320000	0.002271	0.000000
F1	5.300000	1.340000	0.002347	0.000000
F1	5.300000	1.360000	0.002526	0.000000
F1	5.300000	1.380000	0.002431	0.000000
F1	5.350000	1.200000	0.002287	0.000000
F1	5.350000	1.220000	0.002624	0.000000
F1	5.350000	1.240000	0.002504	0.000000
F1	5.350000	1.260000	0.002293	0.000000
F1	5.350000	1.280000	0.002212	0.000000
F1	5.350000	1.300000	0.002212	0.000000
F1	5.350000	1.320000	0.002203	0.000000
F1	5.350000	1.340000	0.002278	0.000000
F1	5.350000	1.360000	0.002454	0.000000
F1	5.350000	1.380000	0.002360	0.000000
F1	5.400000	1.200000	0.002207	0.000000
F1	5.400000	1.220000	0.002532	0.000000
F1	5.400000	1.240000	0.002419	0.000000
F1	5.400000	1.260000	0.002218	0.000000
F1	5.400000	1.280000	0.002141	0.000000
F1	5.400000	1.300000	0.002144	0.000000
F1	5.400000	1.320000	0.002138	0.000000
F1	5.400000	1.340000	0.002211	0.000000
F1	5.400000	1.360000	0.002384	0.000000
F1	5.400000	1.380000	0.002292	0.000000
F1	5.450000	1.200000	0.002129	0.000000
F1	5.450000	1.220000	0.002444	0.000000
F1	5.450000	1.240000	0.002337	0.000000
F1	5.450000	1.260000	0.002146	0.000000
F1	5.450000	1.280000	0.002074	0.000000
F1	5.450000	1.300000	0.002080	0.000000
F1	5.450000	1.320000	0.002074	0.000000
F1	5.450000	1.340000	0.002147	0.000000
F1	5.450000	1.360000	0.002316	0.000000
F1	5.450000	1.380000	0.002226	0.000000
F1	5.500000	1.200000	0.002055	0.000000
F1	5.500000	1.220000	0.002360	0.000000
F1	5.500000	1.240000	0.002259	0.000000
F1	5.500000	1.260000	0.002077	0.000000
F1	5.500000	1.280000	0.002009	0.000000
F1	5.500000	1.300000	0.002017	0.000000
F1	5.500000	1.320000	0.002013	0.000000
F1	5.500000	1.340000	0.002084	0.000000
F1	5.500000	1.360000	0.002251	0.000000
F1	5.500000	1.380000	0.002162	0.000000
F1	5.550000	1.200000	0.001984	0.000000
F1	5.550000	1.220000	0.002279	0.000000
F1	5.550000	1.240000	0.002184	0.000000
F1	5.550000	1.260000	0.002010	0.000000
F1	5.550000	1.280000	0.001947	0.000000
F1	5.550000	1.300000	0.001957	0.000000
F1	5.550000	1.320000	0.001954	0.000000
F1	5.550000	1.340000	0.002024	0.000000
F1	5.550000	1.360000	0.002188	0.000000
F1	5.550000	1.380000	0.002100	0.000000
F1	5.600000	1.200000	0.001916	0.000000
F1	5.600000	1.220000	0.002201	0.000000
F1	5.600000	1.240000	0.002112	0.000000
F1	5.600000	1.260000	0.001946	0.000000
F1	5.600000	1.280000	0.001887	0.000000
F1	5.600000	1.300000	0.001899	0.000000
F1	5.600000	1.320000	0.001897	0.000000
F1	5.600000	1.340000	0.001966	0.000000
F1	5.600000	1.360000	0.002127	0.000000
F1	5.600000	1.380000	0.002041	0.000000
F1	5.650000	1.200000	0.001851	0.000000
F1	5.650000	1.220000	0.002126	0.000000
F1	5.650000	1.240000	0.002042	0.000000
F1	5.650000	1.260000	0.001884	0.000000
F1	5.650000	1.280000	0.001829	0.000000
F1	5.650000	1.300000	0.001843	0.000000
F1	5.650000	1.320000	0.001842	0.000000
F1	5.650000	1.340000	0.001910	0.000000
F1	5.650000	1.360000	0.002067	0.000000
F1	5.650000	1.380000	0.001984	0.000000
F1	5.700000	1.200000	0.001788	0.000000
F1	5.700000	1.220000	0.002055	0.000000
F1	5.700000	1.240000	0.001976	0.000000
F1	5.700000	1.260000	0.001825	0.000000
F1	5.700000	1.280000	0.001774	0.000000
F1	5.700000	1.300000	0.001788	0.000000
F1	5.700000	1.320000	0.001789	0.000000
F1	5.700000	1.340000	0.001856	0.000000
F1	5.700000	1.360000	0.002010	0.000000
F1	5.700000	1.380000	0.001928	0.000000
F1	5.750000	1.200000	0.001728	0.000000
F1	5.750000	1.220000	0.001986	0.000000
F1	5.750000	1.240000	0.001912	0.000000
F1	5.750000	1.260000	0.001768	0.000000
F1	5.750000	1.280000	0.001720	0.000000
F1	5.750000	1.300000	0.001736	0.000000
F1	5.750000	1.320000	0.001738	0.000000
F1	5.750000	1.340000	0.001803	0.000000
F1	5.750000	1.360000	0.001955	0.000000
F1	5.750000	1.380000	0.001874	0.000000
F1	5.800000	1.200000	0.001670	0.000000
F1	5.800000	1.220000	0.001920	0.000000
F1	5.800000	1.240000	0.001850	0.000000
F1	5.800000	1.260000	0.001713	0.000000
F1	5.800000	1.280000	0.001668	0.000000
F1	5.800000	1.300000	0.001686	0.000000
F1	5.800000	1.320000	0.001688	0.000000
F1	5.800000	1.340000	0.001753	0.000000
F1	5.800000	1.360000	0.001901	0.000000
F1	5.800000	1.380000	0.001822	0.000000
F1	5.850000	1.200000	0.001614	0.000000
F1	5.850000	1.220000	0.001857	0.000000
F1	5.850000	1.240000	0.001791	0.000000
F1	5.850000	1.260000	0.001660	0.000000
F1	5.850000	1.280000	0.001618	0.000000
F1	5.850000	1.300000	0.001637	0.000000
F1	5.850000	1.320000	0.001641	0.000000
F1	5.850000	1.340000	0.001704	0.000000
F1	5.850000	1.360000	0.001849	0.000000
F1	5.850000	1.380000	0.001772	0.000000
F1	5.900000	1.200000	0.001561	0.000000
F1	5.900000	1.220000	0.001796	0.000000
F1	5.900000	1.240000	0.001734	0.000000
F1	5.900000	1.260000	0.001609	0.000000
F1	5.900000	1.280000	0.001570	0.000000
F1	5.900000	1.300000	0.001590	0.000000
F1	5.900000	1.320000	0.001594	0.000000
F1	5.900000	1.340000	0.001656	0.000000
F1	5.900000	1.360000	0.001799	0.000000
F1	5.900000	1.380000	0.001723	0.000000
F1	5.950000	1.200000	0.001510	0.000000
F1	5.950000	1.220000	0.001738	0.000000
F1	5.950000	1.240000	0.001680	0.000000
F1	5.950000	1.260000	0.001560	0.000000
F1	5.950000	1.280000	0.001524	0.000000
F1	5.950000	1.300000	0.001545	0.000000
F1	5.950000	1.320000	0.001550	0.000000
F1	5.950000	1.340000	0.001611	0.000000
F1	5.950000	1.360000	0.001751	0.000000
F1	5.950000	1.380000	0.001676	0.000000
F1	6.000000	1.200000	0.001461	0.000000
F1	6.000000	1.220000	0.001681	0.000000
F1	6.000000	1.240000	0.001627	0.000000
F1	6.000000	1.260000	0.001513	0.000000
F1	6.000000	1.280000	0.001479	0.000000
F1	6.000000	1.300000	0.001500	0.000000
F1	6.000000	1.320000	0.001506	0.000000
F1	6.000000	1.340000	0.001566	0.000000
F1	6.000000	1.360000	0.001704	0.000000
F1	6.000000	1.380000	0.001630	0.000000
F1	6.050000	1.200000	0.001413	0.000000
F1	6.050000	1.220000	0.001628	0.000000
F1	6.050000	1.240000	0.001576	0.000000
F1	6.050000	1.260000	0.001467	0.000000
F1	6.050000	1.280000	0.001436	0.000000
F1	6.050000	1.300000	0.001458	0.000000
F1	6.050000	1.320000	0.001464	0.000000
F1	6.050000	1.340000	0.001523	0.000000
F1	6.050000	1.360000	0.001658	0.000000
F1	6.050000	1.380000	0.001586	0.000000
F1	6.100000	1.200000	0.001368	0.000000
F1	6.100000	1.220000	0.001576	0.000000
F1	6.100000	1.240000	0.001527	0.000000
F1	6.100000	1.260000	0.001423	0.000000
F1	6.100000	1.280000	0.001394	0.000000
F1	6.100000	1.300000	0.001417	0.000000
F1	6.100000	1.320000	0.001424	0.000000
F1	6.100000	1.340000	0.001482	0.000000
F1	6.100000	1.360000	0.001614	0.000000
F1	6.100000	1.380000	0.001543	0.000000
F1	6.150000	1.200000	0.001324	0.000000
F1	6.150000	1.220000	0.001526	0.000000
F1	6.150000	1.240000	0.001480	0.000000
F1	6.150000	1.260000	0.001381	0.000000
F1	6.150000	1.280000	0.001353	0.000000
F1	6.150000	1.300000	0.001377	0.000000
F1	6.150000	1.320000	0.001385	0.000000
F1	6.150000	1.340000	0.001442	0.000000
F1	6.150000	1.360000	0.001571	0.000000
F1	6.150000	1.380000	0.001502	0.000000
F1	6.200000	1.200000	0.001282	0.000000
F1	6.200000	1.220000	0.001478	0.000000
F1	6.200000	1.240000	0.001435	0.000000
F1	6.200000	1.260000	0.001340	0.000000
F1	6.200000	1.280000	0.001315	0.000000
F1	6.200000	1.300000	0.001339	0.000000
F1	6.200000	1.320000	0.001347	0.000000
F1	6.200000	1.340000	0.001403	0.000000
F1	6.200000	1.360000	0.001530	0.000000
F1	6.200000	1.380000	0.001462	0.000000
F1	6.250000	1.200000	0.001241	0.000000
F1	6.250000	1.220000	0.001431	0.000000
F1	6.250000	1.240000	0.001391	0.000000
F1	6.250000	1.260000	0.001301	0.000000
F1	6.250000	1.280000	0.001277	0.000000
F1	6.250000	1.300000	0.001302	0.000000
F1	6.250000	1.320000	0.001310	0.000000
F1	6.250000	1.340000	0.001365	0.000000
F1	6.250000	1.360000	0.001489	0.000000
F1	6.250000	1.380000	0.001423	0.000000
F1	6.300000	1.200000	0.001202	0.000000
F1	6.300000	1.220000	0.001387	0.000000
F1	6.300000	1.240000	0.001349	0.000000
F1	6.300000	1.260000	0.001263	0.000000
F1	6.300000	1.280000	0.001241	0.000000
F1	6.300000	1.300000	0.001266	0.000000
F1	6.300000	1.320000	0.001275	0.000000
F1	6.300000	1.340000	0.001329	0.000000
F1	6.300000	1.360000	0.001450	0.000000
F1	6.300000	1.380000	0.001385	0.000000
F1	6.350000	1.200000	0.001165	0.000000
F1	6.350000	1.220000	0.001344	0.000000
F1	6.350000	1.240000	0.001309	0.000000
F1	6.350000	1.260000	0.001226	0.000000
F1	6.350000	1.280000	0.001206	0.000000
F1	6.350000	1.300000	0.001232	0.000000
F1	6.350000	1.320000	0.001241	0.000000
F1	6.350000	1.340000	0.001294	0.000000
F1	6.350000	1.360000	0.001413	0.000000
F1	6.350000	1.380000	0.001349	0.000000
F1	6.400000	1.200000	0.001129	0.000000
F1	6.400000	1.220000	0.001303	0.000000
F1	6.400000	1.240000	0.001270	0.000000
F1	6.400000	1.260000	0.001190	0.000000
F1	6.400000	1.280000	0.001172	0.000000
F1	6.400000	1.300000	0.001198	0.000000
F1	6.400000	1.320000	0.001208	0.000000
F1	6.400000	1.340000	0.001259	0.000000
F1	6.400000	1.360000	0.001376	0.000000
F1	6.400000	1.380000	0.001314	0.000000
F1	6.450000	1.200000	0.001094	0.000000
F1	6.450000	1.220000	0.001263	0.000000
F1	6.450000	1.240000	0.001232	0.000000
F1	6.450000	1.260000	0.001156	0.000000
F1	6.450000	1.280000	0.001139	0.000000
F1	6.450000	1.300000	0.001166	0.000000
F1	6.450000	1.320000	0.001175	0.000000
F1	6.450000	1.340000	0.001226	0.000000
F1	6.450000	1.360000	0.001341	0.000000
F1	6.450000	1.380000	0.001279	0.000000
F1	6.500000	1.200000	0.001061	0.000000
F1	6.500000	1.220000	0.001224	0.000000
F1	6.500000	1.240000	0.001196	0.000000
F1	6.500000	1.260000	0.001123	0.000000
F1	6.500000	1.280000	0.001108	0.000000
F1	6.500000	1.300000	0.001134	0.000000
F1	6.500000	1.320000	0.001144	0.000000
F1	6.500000	1.340000	0.001194	0.000000
F1	6.500000	1.360000	0.001306	0.000000
F1	6.500000	1.380000	0.001246	0.000000
F1	6.550000	1.200000	0.001028	0.000000
F1	6.550000	1.220000	0.001187	0.000000
F1	6.550000	1.240000	0.001161	0.000000
F1	6.550000	1.260000	0.001091	0.000000
F1	6.550000	1.280000	0.001077	0.000000
F1	6.550000	1.300000	0.001104	0.000000
F1	6.550000	1.320000	0.001114	0.000000
F1	6.550000	1.340000	0.001163	0.000000
F1	6.550000	1.360000	0.001273	0.000000
F1	6.550000	1.380000	0.001214	0.000000
F1	6.600000	1.200000	0.000997	0.000000
F1	6.600000	1.220000	0.001152	0.000000
F1	6.600000	1.240000	0.001126	0.000000
F1	6.600000	1.260000	0.001061	0.000000
F1	6.600000	1.280000	0.001047	0.000000
F1	6.600000	1.300000	0.001075	0.000000
F1	6.600000	1.320000	0.001085	0.000000
F1	6.600000	1.340000	0.001133	0.000000
F1	6.600000	1.360000	0.001240	0.000000
F1	6.600000	1.380000	0.001183	0.000000
F1	6.650000	1.200000	0.000967	0.000000
F1	6.650000	1.220000	0.001117	0.000000
F1	6.650000	1.240000	0.001094	0.000000
F1	6.650000	1.260000	0.001031	0.000000
F1	6.650000	1.280000	0.001019	0.000000
F1	6.650000	1.300000	0.001046	0.000000
F1	6.650000	1.320000	0.001056	0.000000
F1	6.650000	1.340000	0.001104	0.000000
F1	6.650000	1.360000	0.001209	0.000000
F1	6.650000	1.380000	0.001152	0.000000
F1	6.700000	1.200000	0.000938	0.000000
F1	6.700000	1.220000	0.001084	0.000000
F1	6.700000	1.240000	0.001062	0.000000
F1	6.700000	1.260000	0.001002	0.000000
F1	6.700000	1.280000	0.000991	0.000000
F1	6.700000	1.300000	0.001018	0.000000
F1	6.700000	1.320000	0.001029	0.000000
F1	6.700000	1.340000	0.001075	0.000000
F1	6.700000	1.360000	0.001179	0.000000
F1	6.700000	1.380000	0.001123	0.000000
F1	6.750000	1.200000	0.000910	0.000000
F1	6.750000	1.220000	0.001052	0.000000
F1	6.750000	1.240000	0.001032	0.000000
F1	6.750000	1.260000	0.000974	0.000000
F1	6.750000	1.280000	0.000964	0.000000
F1	6.750000	1.300000	0.000992	0.000000
F1	6.750000	1.320000	0.001002	0.000000
F1	6.750000	1.340000	0.001048	0.000000
F1	6.750000	1.360000	0.001149	0.000000
F1	6.750000	1.380000	0.001095	0.000000
F1	6.800000	1.200000	0.000883	0.000000
F1	6.800000	1.220000	0.001022	0.000000
F1	6.800000	1.240000	0.001002	0.000000
F1	6.800000	1.260000	0.000947	0.000000
F1	6.800000	1.280000	0.000938	0.000000
F1	6.800000	1.300000	0.000966	0.000000
F1	6.800000	1.320000	0.000977	0.000000
F1	6.800000	1.340000	0.001021	0.000000
F1	6.800000	1.360000	0.001120	0.000000
F1	6.800000	1.380000	0.001067	0.000000
F1	6.850000	1.200000	0.000857	0.000000
F1	6.850000	1.220000	0.000992	0.000000
F1	6.850000	1.240000	0.000974	0.000000
F1	6.850000	1.260000	0.000921	0.000000
F1	6.850000	1.280000	0.000913	0.000000
F1	6.850000	1.300000	0.000941	0.000000
F1	6.850000	1.320000	0.000952	0.000000
F1	6.850000	1.340000	0.000995	0.000000
F1	6.850000	1.360000	0.001093	0.000000
F1	6.850000	1.380000	0.001040	0.000000
F1	6.900000	1.200000	0.000832	0.000000
F1	6.900000	1.220000	0.000963	0.000000
F1	6.900000	1.240000	0.000946	0.000000
F1	6.900000	1.260000	0.000896	0.000000
F1	6.900000	1.280000	0.000889	0.000000
F1	6.900000	1.300000	0.000916	0.000000
F1	6.900000	1.320000	0.000927	0.000000
F1	6.900000	1.340000	0.000970	0.000000
F1	6.900000	1.360000	0.001066	0.000000
F1	6.900000	1.380000	0.001014	0.000000
F1	6.950000	1.200000	0.000808	0.000000
F1	6.950000	1.220000	0.000935	0.000000
F1	6.950000	1.240000	0.000920	0.000000
F1	6.950000	1.260000	0.000872	0.000000
F1	6.950000	1.280000	0.000866	0.000000
F1	6.950000	1.300000	0.000893	0.000000
F1	6.950000	1.320000	0.000904	0.000000
F1	6.950000	1.340000	0.000946	0.000000
F1	6.950000	1.360000	0.001039	0.000000
F1	6.950000	1.380000	0.000989	0.000000
F1	7.000000	1.200000	0.000785	0.000000
F1	7.000000	1.220000	0.000909	0.000000
F1	7.000000	1.240000	0.000894	0.000000
F1	7.000000	1.260000	0.000848	0.000000
F1	7.000000	1.280000	0.000843	0.000000
F1	7.000000	1.300000	0.000870	0.000000
F1	7.000000	1.320000	0.000881	0.000000
F1	7.000000	1.340000	0.000922	0.000000
F1	7.000000	1.360000	0.001014	0.000000
F1	7.000000	1.380000	0.000965	0.000000
F1	7.050000	1.200000	0.000762	0.000000
F1	7.050000	1.220000	0.000883	0.000000
F1	7.050000	1.240000	0.000870	0.000000
F1	7.050000	1.260000	0.000825	0.000000
F1	7.050000	1.280000	0.000821	0.000000
F1	7.050000	1.300000	0.000848	0.000000
F1	7.050000	1.320000	0.000859	0.000000
F1	7.050000	1.340000	0.000900	0.000000
F1	7.050000	1.360000	0.000989	0.000000
F1	7.050000	1.380000	0.000941	0.000000
F1	7.100000	1.200000	0.000741	0.000000
F1	7.100000	1.220000	0.000858	0.000000
F1	7.100000	1.240000	0.000846	0.000000
F1	7.100000	1.260000	0.000803	0.000000
F1	7.100000	1.280000	0.000799	0.000000
F1	7.100000	1.300000	0.000826	0.000000
F1	7.100000	1.320000	0.000838	0.000000
F1	7.100000	1.340000	0.000877	0.000000
F1	7.100000	1.360000	0.000965	0.000000
F1	7.100000	1.380000	0.000918	0.000000
F1	7.150000	1.200000	0.000719	0.000000
F1	7.150000	1.220000	0.000833	0.000000
F1	7.150000	1.240000	0.000823	0.000000
F1	7.150000	1.260000	0.000782	0.000000
F1	7.150000	1.280000	0.000779	0.000000
F1	7.150000	1.300000	0.000806	0.000000
F1	7.150000	1.320000	0.000817	0.000000
F1	7.150000	1.340000	0.000856	0.000000
F1	7.150000	1.360000	0.000942	0.000000
F1	7.150000	1.380000	0.000895	0.000000
F1	7.200000	1.200000	0.000699	0.000000
F1	7.200000	1.220000	0.000810	0.000000
F1	7.200000	1.240000	0.000800	0.000000
F1	7.200000	1.260000	0.000761	0.000000
F1	7.200000	1.280000	0.000759	0.000000
F1	7.200000	1.300000	0.000786	0.000000
F1	7.200000	1.320000	0.000797	0.000000
F1	7.200000	1.340000	0.000835	0.000000
F1	7.200000	1.360000	0.000919	0.000000
F1	7.200000	1.380000	0.000874	0.000000
F1	7.250000	1.200000	0.000680	0.000000
F1	7.250000	1.220000	0.000788	0.000000
F1	7.250000	1.240000	0.000779	0.000000
F1	7.250000	1.260000	0.000741	0.000000
F1	7.250000	1.280000	0.000739	0.000000
F1	7.250000	1.300000	0.000766	0.000000
F1	7.250000	1.320000	0.000777	0.000000
F1	7.250000	1.340000	0.000815	0.000000
F1	7.250000	1.360000	0.000897	0.000000
F1	7.250000	1.380000	0.000852	0.000000
F1	7.300000	1.200000	0.000661	0.000000
F1	7.300000	1.220000	0.000766	0.000000
F1	7.300000	1.240000	0.000757	0.000000
F1	7.300000	1.260000	0.000722	0.000000
F1	7.300000	1.280000	0.000720	0.000000
F1	7.300000	1.300000	0.000747	0.000000
F1	7.300000	1.320000	0.000758	0.000000
F1	7.300000	1.340000	0.000795	0.000000
F1	7.300000	1.360000	0.000876	0.000000
F1	7.300000	1.380000	0.000832	0.000000
F1	7.350000	1.200000	0.000642	0.000000
F1	7.350000	1.220000	0.000745	0.000000
F1	7.350000	1.240000	0.000737	0.000000
F1	7.350000	1.260000	0.000703	0.000000
F1	7.350000	1.280000	0.000702	0.000000
F1	7.350000	1.300000	0.000728	0.000000
F1	7.350000	1.320000	0.000740	0.000000
F1	7.350000	1.340000	0.000776	0.000000
F1	7.350000	1.360000	0.000855	0.000000
F1	7.350000	1.380000	0.000812	0.000000
F1	7.400000	1.200000	0.000625	0.000000
F1	7.400000	1.220000	0.000724	0.000000
F1	7.400000	1.240000	0.000717	0.000000
F1	7.400000	1.260000	0.000685	0.000000
F1	7.400000	1.280000	0.000684	0.000000
F1	7.400000	1.300000	0.000710	0.000000
F1	7.400000	1.320000	0.000722	0.000000
F1	7.400000	1.340000	0.000757	0.000000
F1	7.400000	1.360000	0.000835	0.000000
F1	7.400000	1.380000	0.000793	0.000000
F1	7.450000	1.200000	0.000607	0.000000
F1	7.450000	1.220000	0.000705	0.000000
F1	7.450000	1.240000	0.000699	0.000000
F1	7.450000	1.260000	0.000667	0.000000
F1	7.450000	1.280000	0.000667	0.000000
F1	7.450000	1.300000	0.000693	0.000000
F1	7.450000	1.320000	0.000704	0.000000
F1	7.450000	1.340000	0.000739	0.000000
F1	7.450000	1.360000	0.000815	0.000000
F1	7.450000	1.380000	0.000774	0.000000
F1	7.500000	1.200000	0.000591	0.000000
F1	7.500000	1.220000	0.000686	0.000000
F1	7.500000	1.240000	0.000680	0.000000
F1	7.500000	1.260000	0.000650	0.000000
F1	7.500000	1.280000	0.000650	0.000000
F1	7.500000	1.300000	0.000676	0.000000
F1	7.500000	1.320000	0.000687	0.000000
F1	7.500000	1.340000	0.000721	0.000000
F1	7.500000	1.360000	0.000796	0.000000
F1	7.500000	1.380000	0.000755	0.000000
F1	7.550000	1.200000	0.000575	0.000000
F1	7.550000	1.220000	0.000667	0.000000
F1	7.550000	1.240000	0.000662	0.000000
F1	7.550000	1.260000	0.000633	0.000000
F1	7.550000	1.280000	0.000634	0.000000
F1	7.550000	1.300000	0.000660	0.000000
F1	7.550000	1.320000	0.000671	0.000000
F1	7.550000	1.340000	0.000704	0.000000
F1	7.550000	1.360000	0.000777	0.000000
F1	7.550000	1.380000	0.000738	0.000000
F1	7.600000	1.200000	0.000559	0.000000
F1	7.600000	1.220000	0.000649	0.000000
F1	7.600000	1.240000	0.000645	0.000000
F1	7.600000	1.260000	0.000617	0.000000
F1	7.600000	1.280000	0.000619	0.000000
F1	7.600000	1.300000	0.000644	0.000000
F1	7.600000	1.320000	0.000655	0.000000
F1	7.600000	1.340000	0.000688	0.000000
F1	7.600000	1.360000	0.000759	0.000000
F1	7.600000	1.380000	0.000720	0.000000
F1	7.650000	1.200000	0.000544	0.000000
F1	7.650000	1.220000	0.000632	0.000000
F1	7.650000	1.240000	0.000628	0.000000
F1	7.650000	1.260000	0.000602	0.000000
F1	7.650000	1.280000	0.000603	0.000000
F1	7.650000	1.300000	0.000628	0.000000
F1	7.650000	1.320000	0.000639	0.000000
F1	7.650000	1.340000	0.000672	0.000000
F1	7.650000	1.360000	0.000742	0.000000
F1	7.650000	1.380000	0.000704	0.000000
F1	7.700000	1.200000	0.000530	0.000000
F1	7.700000	1.220000	0.000615	0.000000
F1	7.700000	1.240000	0.000612	0.000000
F1	7.700000	1.260000	0.000587	0.000000
F1	7.700000	1.280000	0.000589	0.000000
F1	7.700000	1.300000	0.000613	0.000000
F1	7.700000	1.320000	0.000624	0.000000
F1	7.700000	1.340000	0.000656	0.000000
F1	7.700000	1.360000	0.000724	0.000000
F1	7.700000	1.380000	0.000687	0.000000
F1	7.750000	1.200000	0.000515	0.000000
F1	7.750000	1.220000	0.000599	0.000000
F1	7.750000	1.240000	0.000596	0.000000
F1	7.750000	1.260000	0.000572	0.000000
F1	7.750000	1.280000	0.000574	0.000000
F1	7.750000	1.300000	0.000599	0.000000
F1	7.750000	1.320000	0.000610	0.000000
F1	7.750000	1.340000	0.000641	0.000000
F1	7.750000	1.360000	0.000708	0.000000
F1	7.750000	1.380000	0.000671	0.000000
F1	7.800000	1.200000	0.000502	0.000000
F1	7.800000	1.220000	0.000583	0.000000
F1	7.800000	1.240000	0.000581	0.000000
F1	7.800000	1.260000	0.000558	0.000000
F1	7.800000	1.280000	0.000560	0.000000
F1	7.800000	1.300000	0.000585	0.000000
F1	7.800000	1.320000	0.000595	0.000000
F1	7.800000	1.340000	0.000626	0.000000
F1	7.800000	1.360000	0.000692	0.000000
F1	7.800000	1.380000	0.000656	0.000000
F1	7.850000	1.200000	0.000489	0.000000
F1	7.850000	1.220000	0.000568	0.000000
F1	7.850000	1.240000	0.000566	0.000000
F1	7.850000	1.260000	0.000544	0.000000
F1	7.850000	1.280000	0.000547	0.000000
F1	7.850000	1.300000	0.000571	0.000000
F1	7.850000	1.320000	0.000581	0.000000
F1	7.850000	1.340000	0.000611	0.000000
F1	7.850000	1.360000	0.000676	0.000000
F1	7.850000	1.380000	0.000641	0.000000
F1	7.900000	1.200000	0.000476	0.000000
F1	7.900000	1.220000	0.000553	0.000000
F1	7.900000	1.240000	0.000552	0.000000
F1	7.900000	1.260000	0.000531	0.000000
F1	7.900000	1.280000	0.000534	0.000000
F1	7.900000	1.300000	0.000558	0.000000
F1	7.900000	1.320000	0.000568	0.000000
F1	7.900000	1.340000	0.000597	0.000000
F1	7.900000	1.360000	0.000661	0.000000
F1	7.900000	1.380000	0.000626	0.000000
F1	7.950000	1.200000	0.000463	0.000000
F1	7.950000	1.220000	0.000539	0.000000
F1	7.950000	1.240000	0.000538	0.000000
F1	7.950000	1.260000	0.000518	0.000000
F1	7.950000	1.280000	0.000521	0.000000
F1	7.950000	1.300000	0.000544	0.000000
F1	7.950000	1.320000	0.000555	0.000000
F1	7.950000	1.340000	0.000584	0.000000
F1	7.950000	1.360000	0.000646	0.000000
F1	7.950000	1.380000	0.000612	0.000000
F1	8.000000	1.200000	0.000451	0.000000
F1	8.000000	1.220000	0.000525	0.000000
F1	8.000000	1.240000	0.000524	0.000000
F1	8.000000	1.260000	0.000505	0.000000
F1	8.000000	1.280000	0.000509	0.000000
F1	8.000000	1.300000	0.000532	0.000000
F1	8.000000	1.320000	0.000542	0.000000
F1	8.000000	1.340000	0.000570	0.000000
F1	8.000000	1.360000	0.000631	0.000000
F1	8.000000	1.380000	0.000598	0.000000
F1	8.050000	1.200000	0.000440	0.000000
F1	8.050000	1.220000	0.000512	0.000000
F1	8.050000	1.240000	0.000512	0.000000
F1	8.050000	1.260000	0.000493	0.000000
F1	8.050000	1.280000	0.000497	0.000000
F1	8.050000	1.300000	0.000520	0.000000
F1	8.050000	1.320000	0.000530	0.000000
F1	8.050000	1.340000	0.000557	0.000000
F1	8.050000	1.360000	0.000617	0.000000
F1	8.050000	1.380000	0.000585	0.000000
F1	8.100000	1.200000	0.000429	0.000000
F1	8.100000	1.220000	0.000499	0.000000
F1	8.100000	1.240000	0.000499	0.000000
F1	8.100000	1.260000	0.000481	0.000000
F1	8.100000	1.280000	0.000485	0.000000
F1	8.100000	1.300000	0.000508	0.000000
F1	8.100000	1.320000	0.000518	0.000000
F1	8.100000	1.340000	0.000545	0.000000
F1	8.100000	1.360000	0.000603	0.000000
F1	8.100000	1.380000	0.000572	0.000000
F1	8.150000	1.200000	0.000418	0.000000
F1	8.150000	1.220000	0.000486	0.000000
F1	8.150000	1.240000	0.000487	0.000000
F1	8.150000	1.260000	0.000469	0.000000
F1	8.150000	1.280000	0.000474	0.000000
F1	8.150000	1.300000	0.000496	0.000000
F1	8.150000	1.320000	0.000506	0.000000
F1	8.150000	1.340000	0.000533	0.000000
F1	8.150000	1.360000	0.000590	0.000000
F1	8.150000	1.380000	0.000559	0.000000
F1	8.200000	1.200000	0.000407	0.000000
F1	8.200000	1.220000	0.000474	0.000000
F1	8.200000	1.240000	0.000475	0.000000
F1	8.200000	1.260000	0.000458	0.000000
F1	8.200000	1.280000	0.000462	0.000000
F1	8.200000	1.300000	0.000485	0.000000
F1	8.200000	1.320000	0.000495	0.000000
F1	8.200000	1.340000	0.000521	0.000000
F1	8.200000	1.360000	0.000577	0.000000
F1	8.200000	1.380000	0.000546	0.000000
F1	8.250000	1.200000	0.000397	0.000000
F1	8.250000	1.220000	0.000462	0.000000
F1	8.250000	1.240000	0.000463	0.000000
F1	8.250000	1.260000	0.000447	0.000000
F1	8.250000	1.280000	0.000452	0.000000
F1	8.250000	1.300000	0.000474	0.000000
F1	8.250000	1.320000	0.000484	0.000000
F1	8.250000	1.340000	0.000509	0.000000
F1	8.250000	1.360000	0.000564	0.000000
F1	8.250000	1.380000	0.000534	0.000000
F1	8.300000	1.200000	0.000387	0.000000
F1	8.300000	1.220000	0.000451	0.000000
F1	8.300000	1.240000	0.000452	0.000000
F1	8.300000	1.260000	0.000437	0.000000
F1	8.300000	1.280000	0.000441	0.000000
F1	8.300000	1.300000	0.000463	0.000000
F1	8.300000	1.320000	0.000473	0.000000
F1	8.300000	1.340000	0.000498	0.000000
F1	8.300000	1.360000	0.000552	0.000000
F1	8.300000	1.380000	0.000523	0.000000
F1	8.350000	1.200000	0.000377	0.000000
F1	8.350000	1.220000	0.000439	0.000000
F1	8.350000	1.240000	0.000441	0.000000
F1	8.350000	1.260000	0.000427	0.000000
F1	8.350000	1.280000	0.000431	0.000000
F1	8.350000	1.300000	0.000453	0.000000
F1	8.350000	1.320000	0.000462	0.000000
F1	8.350000	1.340000	0.000487	0.000000
F1	8.350000	1.360000	0.000540	0.000000
F1	8.350000	1.380000	0.000511	0.000000
F1	8.400000	1.200000	0.000368	0.000000
F1	8.400000	1.220000	0.000429	0.000000
F1	8.400000	1.240000	0.000430	0.000000
F1	8.400000	1.260000	0.000416	0.000000
F1	8.400000	1.280000	0.000421	0.000000
F1	8.400000	1.300000	0.000442	0.000000
F1	8.400000	1.320000	0.000452	0.000000
F1	8.400000	1.340000	0.000476	0.000000
F1	8.400000	1.360000	0.000528	0.000000
F1	8.400000	1.380000	0.000500	0.000000
F1	8.450000	1.200000	0.000359	0.000000
F1	8.450000	1.220000	0.000418	0.000000
F1	8.450000	1.240000	0.000420	0.000000
F1	8.450000	1.260000	0.000407	0.000000
F1	8.450000	1.280000	0.000412	0.000000
F1	8.450000	1.300000	0.000433	0.000000
F1	8.450000	1.320000	0.000442	0.000000
F1	8.450000	1.340000	0.000466	0.000000
F1	8.450000	1.360000	0.000517	0.000000
F1	8.450000	1.380000	0.000489	0.000000
F1	8.500000	1.200000	0.000350	0.000000
F1	8.500000	1.220000	0.000408	0.000000
F1	8.500000	1.240000	0.000410	0.000000
F1	8.500000	1.260000	0.000397	0.000000
F1	8.500000	1.280000	0.000402	0.000000
F1	8.500000	1.300000	0.000423	0.000000
F1	8.500000	1.320000	0.000432	0.000000
F1	8.500000	1.340000	0.000456	0.000000
F1	8.500000	1.360000	0.000506	0.000000
F1	8.500000	1.380000	0.000478	0.000000
F1	8.550000	1.200000	0.000341	0.000000
F1	8.550000	1.220000	0.000398	0.000000
F1	8.550000	1.240000	0.000400	0.000000
F1	8.550000	1.260000	0.000388	0.000000
F1	8.550000	1.280000	0.000393	0.000000
F1	8.550000	1.300000	0.000414	0.000000
F1	8.550000	1.320000	0.000423	0.000000
F1	8.550000	1.340000	0.000446	0.000000
F1	8.550000	1.360000	0.000495	0.000000
F1	8.550000	1.380000	0.000468	0.000000
F1	8.600000	1.200000	0.000333	0.000000
F1	8.600000	1.220000	0.000388	0.000000
F1	8.600000	1.240000	0.000391	0.000000
F1	8.600000	1.260000	0.000379	0.000000
F1	8.600000	1.280000	0.000385	0.000000
F1	8.600000	1.300000	0.000405	0.000000
F1	8.600000	1.320000	0.000414	0.000000
F1	8.600000	1.340000	0.000436	0.000000
F1	8.600000	1.360000	0.000485	0.000000
F1	8.600000	1.380000	0.000458	0.000000
F1	8.650000	1.200000	0.000325	0.000000
F1	8.650000	1.220000	0.000379	0.000000
F1	8.650000	1.240000	0.000382	0.000000
F1	8.650000	1.260000	0.000371	0.000000
F1	8.650000	1.280000	0.000376	0.000000
F1	8.650000	1.300000	0.000396	0.000000
F1	8.650000	1.320000	0.000405	0.000000
F1	8.650000	1.340000	0.000427	0.000000
F1	8.650000	1.360000	0.000474	0.000000
F1	8.650000	1.380000	0.000448	0.000000
F1	8.700000	1.200000	0.000317	0.000000
F1	8.700000	1.220000	0.000370	0.000000
F1	8.700000	1.240000	0.000373	0.000000
F1	8.700000	1.260000	0.000362	0.000000
F1	8.700000	1.280000	0.000368	0.000000
F1	8.700000	1.300000	0.000387	0.000000
F1	8.700000	1.320000	0.000396	0.000000
F1	8.700000	1.340000	0.000418	0.000000
F1	8.700000	1.360000	0.000464	0.000000
F1	8.700000	1.380000	0.000439	0.000000
F1	8.750000	1.200000	0.000309	0.000000
F1	8.750000	1.220000	0.000361	0.000000
F1	8.750000	1.240000	0.000364	0.000000
F1	8.750000	1.260000	0.000354	0.000000
F1	8.750000	1.280000	0.000359	0.000000
F1	8.750000	1.300000	0.000379	0.000000
F1	8.750000	1.320000	0.000388	0.000000
F1	8.750000	1.340000	0.000409	0.000000
F1	8.750000	1.360000	0.000454	0.000000
F1	8.750000	1.380000	0.000429	0.000000
F1	8.800000	1.200000	0.000302	0.000000
F1	8.800000	1.220000	0.000352	0.000000
F1	8.800000	1.240000	0.000356	0.000000
F1	8.800000	1.260000	0.000346	0.000000
F1	8.800000	1.280000	0.000351	0.000000
F1	8.800000	1.300000	0.000371	0.000000
F1	8.800000	1.320000	0.000379	0.000000
F1	8.800000	1.340000	0.000400	0.000000
F1	8.800000	1.360000	0.000445	0.000000
F1	8.800000	1.380000	0.000420	0.000000
F1	8.850000	1.200000	0.000295	0.000000
F1	8.850000	1.220000	0.000344	0.000000
F1	8.850000	1.240000	0.000347	0.000000
F1	8.850000	1.260000	0.000338	0.000000
F1	8.850000	1.280000	0.000344	0.000000
F1	8.850000	1.300000	0.000363	0.000000
F1	8.850000	1.320000	0.000371	0.000000
F1	8.850000	1.340000	0.000392	0.000000
F1	8.850000	1.360000	0.000436	0.000000
F1	8.850000	1.380000	0.000412	0.000000
F1	8.900000	1.200000	0.000288	0.000000
F1	8.900000	1.220000	0.000336	0.000000
F1	8.900000	1.240000	0.000339	0.000000
F1	8.900000	1.260000	0.000331	0.000000
F1	8.900000	1.280000	0.000336	0.000000
F1	8.900000	1.300000	0.000355	0.000000
F1	8.900000	1.320000	0.000363	0.000000
F1	8.900000	1.340000	0.000384	0.000000
F1	8.900000	1.360000	0.000427	0.000000
F1	8.900000	1.380000	0.000403	0.000000
F1	8.950000	1.200000	0.000281	0.000000
F1	8.950000	1.220000	0.000328	0.000000
F1	8.950000	1.240000	0.000332	0.000000
F1	8.950000	1.260000	0.000323	0.000000
F1	8.950000	1.280000	0.000329	0.000000
F1	8.950000	1.300000	0.000347	0.000000
F1	8.950000	1.320000	0.000356	0.000000
F1	8.950000	1.340000	0.000375	0.000000
F1	8.950000	1.360000	0.000418	0.000000
F1	8.950000	1.380000	0.000395	0.000000
F1	9.000000	1.200000	0.000274	0.000000
F1	9.000000	1.220000	0.000321	0.000000
F1	9.000000	1.240000	0.000324	0.000000
F1	9.000000	1.260000	0.000316	0.000000
F1	9.000000	1.280000	0.000322	0.000000
F1	9.000000	1.300000	0.000340	0.000000
F1	9.000000	1.320000	0.000348	0.000000
F1	9.000000	1.340000	0.000368	0.000000
F1	9.000000	1.360000	0.000409	0.000000
F1	9.000000	1.380000	0.000386	0.000000
F1	9.050000	1.200000	0.000268	0.000000
F1	9.050000	1.220000	0.000313	0.000000
F1	9.050000	1.240000	0.000317	0.000000
F1	9.050000	1.260000	0.000309	0.000000
F1	9.050000	1.280000	0.000315	0.000000
F1	9.050000	1.300000	0.000333	0.000000
F1	9.050000	1.320000	0.000341	0.000000
F1	9.050000	1.340000	0.000360	0.000000
F1	9.050000	1.360000	0.000401	0.000000
F1	9.050000	1.380000	0.000378	0.000000
F1	9.100000	1.200000	0.000262	0.000000
F1	9.100000	1.220000	0.000306	0.000000
F1	9.100000	1.240000	0.000310	0.000000
F1	9.100000	1.260000	0.000303	0.000000
F1	9.100000	1.280000	0.000308	0.000000
F1	9.100000	1.300000	0.000326	0.000000
F1	9.100000	1.320000	0.000334	0.000000
F1	9.100000	1.340000	0.000353	0.000000
F1	9.100000	1.360000	0.000393	0.000000
F1	9.100000	1.380000	0.000371	0.000000
F1	9.150000	1.200000	0.000256	0.000000
F1	9.150000	1.220000	0.000299	0.000000
F1	9.150000	1.240000	0.000303	0.000000
F1	9.150000	1.260000	0.000296	0.000000
F1	9.150000	1.280000	0.000302	0.000000
F1	9.150000	1.300000	0.000319	0.000000
F1	9.150000	1.320000	0.000327	0.000000
F1	9.150000	1.340000	0.000345	0.000000
F1	9.150000	1.360000	0.000385	0.000000
F1	9.150000	1.380000	0.000363	0.000000
F1	9.200000	1.200000	0.000250	0.000000
F1	9.200000	1.220000	0.000292	0.000000
F1	9.200000	1.240000	0.000296	0.000000
F1	9.200000	1.260000	0.000290	0.000000
F1	9.200000	1.280000	0.000295	0.000000
F1	9.200000	1.300000	0.000312	0.000000
F1	9.200000	1.320000	0.000320	0.000000
F1	9.200000	1.340000	0.000338	0.000000
F1	9.200000	1.360000	0.000377	0.000000
F1	9.200000	1.380000	0.000356	0.000000
F1	9.250000	1.200000	0.000244	0.000000
F1	9.250000	1.220000	0.000286	0.000000
F1	9.250000	1.240000	0.000290	0.000000
F1	9.250000	1.260000	0.000283	0.000000
F1	9.250000	1.280000	0.000289	0.000000
F1	9.250000	1.300000	0.000306	0.000000
F1	9.250000	1.320000	0.000314	0.000000
F1	9.250000	1.340000	0.000331	0.000000
F1	9.250000	1.360000	0.000369	0.000000
F1	9.250000	1.380000	0.000348	0.000000
F1	9.300000	1.200000	0.000239	0.000000
F1	9.300000	1.220000	0.000279	0.000000
F1	9.300000	1.240000	0.000283	0.000000
F1	9.300000	1.260000	0.000277	0.000000
F1	9.300000	1.280000	0.000283	0.000000
F1	9.300000	1.300000	0.000299	0.000000
F1	9.300000	1.320000	0.000307	0.000000
F1	9.300000	1.340000	0.000325	0.000000
F1	9.300000	1.360000	0.000362	0.000000
F1	9.300000	1.380000	0.000341	0.000000
F1	9.350000	1.200000	0.000233	0.000000
F1	9.350000	1.220000	0.000273	0.000000
F1	9.350000	1.240000	0.000277	0.000000
F1	9.350000	1.260000	0.000271	0.000000
F1	9.350000	1.280000	0.000277	0.000000
F1	9.350000	1.300000	0.000293	0.000000
F1	9.350000	1.320000	0.000301	0.000000
F1	9.350000	1.340000	0.000318	0.000000
F1	9.350000	1.360000	0.000355	0.000000
F1	9.350000	1.380000	0.000335	0.000000
F1	9.400000	1.200000	0.000228	0.000000
F1	9.400000	1.220000	0.000267	0.000000
F1	9.400000	1.240000	0.000271	0.000000
F1	9.400000	1.260000	0.000265	0.000000
F1	9.400000	1.280000	0.000271	0.000000
F1	9.400000	1.300000	0.000287	0.000000
F1	9.400000	1.320000	0.000295	0.000000
F1	9.400000	1.340000	0.000312	0.000000
F1	9.400000	1.360000	0.000348	0.000000
F1	9.400000	1.380000	0.000328	0.000000
F1	9.450000	1.200000	0.000223	0.000000
F1	9.450000	1.220000	0.000261	0.000000
F1	9.450000	1.240000	0.000265	0.000000
F1	9.450000	1.260000	0.000260	0.000000
F1	9.450000	1.280000	0.000265	0.000000
F1	9.450000	1.300000	0.000282	0.000000
F1	9.450000	1.320000	0.000289	0.000000
F1	9.450000	1.340000	0.000306	0.000000
F1	9.450000	1.360000	0.000341	0.000000
F1	9.450000	1.380000	0.000321	0.000000
F1	9.500000	1.200000	0.000218	0.000000
F1	9.500000	1.220000	0.000255	0.000000
F1	9.500000	1.240000	0.000259	0.000000
F1	9.500000	1.260000	0.000254	0.000000
F1	9.500000	1.280000	0.000260	0.000000
F1	9.500000	1.300000	0.000276	0.000000
F1	9.500000	1.320000	0.000283	0.000000
F1	9.500000	1.340000	0.000300	0.000000
F1	9.500000	1.360000	0.000334	0.000000
F1	9.500000	1.380000	0.000315	0.000000
F1	9.550000	1.200000	0.000213	0.000000
F1	9.550000	1.220000	0.000249	0.000000
F1	9.550000	1.240000	0.000254	0.000000
F1	9.550000	1.260000	0.000249	0.000000
F1	9.550000	1.280000	0.000255	0.000000
F1	9.550000	1.300000	0.000270	0.000000
F1	9.550000	1.320000	0.000278	0.000000
F1	9.550000	1.340000	0.000294	0.000000
F1	9.550000	1.360000	0.000327	0.000000
F1	9.550000	1.380000	0.000309	0.000000
F1	9.600000	1.200000	0.000208	0.000000
F1	9.600000	1.220000	0.000244	0.000000
F1	9.600000	1.240000	0.000248	0.000000
F1	9.600000	1.260000	0.000244	0.000000
F1	9.600000	1.280000	0.000249	0.000000
F1	9.600000	1.300000	0.000265	0.000000
F1	9.600000	1.320000	0.000272	0.000000
F1	9.600000	1.340000	0.000288	0.000000
F1	9.600000	1.360000	0.000321	0.000000
F1	9.600000	1.380000	0.000303	0.000000
F1	9.650000	1.200000	0.000204	0.000000
F1	9.650000	1.220000	0.000239	0.000000
F1	9.650000	1.240000	0.000243	0.000000
F1	9.650000	1.260000	0.000239	0.000000
F1	9.650000	1.280000	0.000244	0.000000
F1	9.650000	1.300000	0.000260	0.000000
F1	9.650000	1.320000	0.000267	0.000000
F1	9.650000	1.340000	0.000282	0.000000
F1	9.650000	1.360000	0.000315	0.000000
F1	9.650000	1.380000	0.000297	0.000000
F1	9.700000	1.200000	0.000199	0.000000
F1	9.700000	1.220000	0.000233	0.000000
F1	9.700000	1.240000	0.000238	0.000000
F1	9.700000	1.260000	0.000234	0.000000
F1	9.700000	1.280000	0.000239	0.000000
F1	9.700000	1.300000	0.000254	0.000000
F1	9.700000	1.320000	0.000261	0.000000
F1	9.700000	1.340000	0.000277	0.000000
F1	9.700000	1.360000	0.000309	0.000000
F1	9.700000	1.380000	0.000291	0.000000
F1	9.750000	1.200000	0.000195	0.000000
F1	9.750000	1.220000	0.000228	0.000000
F1	9.750000	1.240000	0.000233	0.000000
F1	9.750000	1.260000	0.000229	0.000000
F1	9.750000	1.280000	0.000235	0.000000
F1	9.750000	1.300000	0.000249	0.000000
F1	9.750000	1.320000	0.000256	0.000000
F1	9.750000	1.340000	0.000271	0.000000
F1	9.750000	1.360000	0.000303	0.000000
F1	9.750000	1.380000	0.000285	0.000000
F1	9.800000	1.200000	0.000191	0.000000
F1	9.800000	1.220000	0.000223	0.000000
F1	9.800000	1.240000	0.000228	0.000000
F1	9.800000	1.260000	0.000224	0.000000
F1	9.800000	1.280000	0.000230	0.000000
F1	9.800000	1.300000	0.000244	0.000000
F1	9.800000	1.320000	0.000251	0.000000
F1	9.800000	1.340000	0.000266	0.000000
F1	9.800000	1.360000	0.000297	0.000000
F1	9.800000	1.380000	0.000280	0.000000
F1	9.850000	1.200000	0.000187	0.000000
F1	9.850000	1.220000	0.000219	0.000000
F1	9.850000	1.240000	0.000223	0.000000
F1	9.850000	1.260000	0.000220	0.000000
F1	9.850000	1.280000	0.000225	0.000000
F1	9.850000	1.300000	0.000240	0.000000
F1	9.850000	1.320000	0.000246	0.000000
F1	9.850000	1.340000	0.000261	0.000000
F1	9.850000	1.360000	0.000291	0.000000
F1	9.850000	1.380000	0.000274	0.000000
F1	9.900000	1.200000	0.000183	0.000000
F1	9.900000	1.220000	0.000214	0.000000
F1	9.900000	1.240000	0.000218	0.000000
F1	9.900000	1.260000	0.000215	0.000000
F1	9.900000	1.280000	0.000221	0.000000
F1	9.900000	1.300000	0.000235	0.000000
F1	9.900000	1.320000	0.000242	0.000000
F1	9.900000	1.340000	0.000256	0.000000
F1	9.900000	1.360000	0.000286	0.000000
F1	9.900000	1.380000	0.000269	0.000000
F1	9.950000	1.200000	0.000179	0.000000
F1	9.950000	1.220000	0.000209	0.000000
F1	9.950000	1.240000	0.000214	0.000000
F1	9.950000	1.260000	0.000211	0.000000
F1	9.950000	1.280000	0.000216	0.000000
F1	9.950000	1.300000	0.000230	0.000000
F1	9.950000	1.320000	0.000237	0.000000
F1	9.950000	1.340000	0.000251	0.000000
F1	9.950000	1.360000	0.000280	0.000000
F1	9.950000	1.380000	0.000264	0.000000
F1	10.000000	1.200000	0.000175	0.000000
F1	10.000000	1.220000	0.000205	0.000000
F1	10.000000	1.240000	0.000209	0.000000
F1	10.000000	1.260000	0.000207	0.000000
F1	10.000000	1.280000	0.000212	0.000000
F1	10.000000	1.300000	0.000226	0.000000
F1	10.000000	1.320000	0.000232	0.000000
F1	10.000000	1.340000	0.000246	0.000000
F1	10.000000	1.360000	0.000275	0.000000
F1	10.000000	1.380000	0.000259	0.000000
F1	10.050000	1.200000	0.000171	0.000000
F1	10.050000	1.220000	0.000201	0.000000
F1	10.050000	1.240000	0.000205	0.000000
F1	10.050000	1.260000	0.000203	0.000000
F1	10.050000	1.280000	0.000208	0.000000
F1	10.050000	1.300000	0.000222	0.000000
F1	10.050000	1.320000	0.000228	0.000000
F1	10.050000	1.340000	0.000241	0.000000
F1	10.050000	1.360000	0.000270	0.000000
F1	10.050000	1.380000	0.000254	0.000000
F1	10.100000	1.200000	0.000167	0.000000
F1	10.100000	1.220000	0.000197	0.000000
F1	10.100000	1.240000	0.000201	0.000000
F1	10.100000	1.260000	0.000198	0.000000
F1	10.100000	1.280000	0.000204	0.000000
F1	10.100000	1.300000	0.000217	0.000000
F1	10.100000	1.320000	0.000224	0.000000
F1	10.100000	1.340000	0.000237	0.000000
F1	10.100000	1.360000	0.000265	0.000000
F1	10.100000	1.380000	0.000249	0.000000
F1	10.150000	1.200000	0.000164	0.000000
F1	10.150000	1.220000	0.000192	0.000000
F1	10.150000	1.240000	0.000197	0.000000
F1	10.150000	1.260000	0.000194	0.000000
F1	10.150000	1.280000	0.000200	0.000000
F1	10.150000	1.300000	0.000213	0.000000
F1	10.150000	1.320000	0.000219	0.000000
F1	10.150000	1.340000	0.000232	0.000000
F1	10.150000	1.360000	0.000260	0.000000
F1	10.150000	1.380000	0.000245	0.000000
F1	10.200000	1.200000	0.000160	0.000000
F1	10.200000	1.220000	0.000189	0.000000
F1	10.200000	1.240000	0.000193	0.000000
F1	10.200000	1.260000	0.000191	0.000000
F1	10.200000	1.280000	0.000196	0.000000
F1	10.200000	1.300000	0.000209	0.000000
F1	10.200000	1.320000	0.000215	0.000000
F1	10.200000	1.340000	0.000228	0.000000
F1	10.200000	1.360000	0.000255	0.000000
F1	10.200000	1.380000	0.000240	0.000000
F1	10.250000	1.200000	0.000157	0.000000
F1	10.250000	1.220000	0.000184	0.000000
F1	10.250000	1.240000	0.000189	0.000000
F1	10.250000	1.260000	0.000187	0.000000
F1	10.250000	1.280000	0.000192	0.000000
F1	10.250000	1.300000	0.000205	0.000000
F1	10.250000	1.320000	0.000211	0.000000
F1	10.250000	1.340000	0.000224	0.000000
F1	10.250000	1.360000	0.000250	0.000000
F1	10.250000	1.380000	0.000236	0.000000
F1	10.300000	1.200000	0.000154	0.000000
F1	10.300000	1.220000	0.000181	0.000000
F1	10.300000	1.240000	0.000185	0.000000
F1	10.300000	1.260000	0.000183	0.000000
F1	10.300000	1.280000	0.000189	0.000000
F1	10.300000	1.300000	0.000201	0.000000
F1	10.300000	1.320000	0.000207	0.000000
F1	10.300000	1.340000	0.000220	0.000000
F1	10.300000	1.360000	0.000246	0.000000
F1	10.300000	1.380000	0.000231	0.000000
F1	10.350000	1.200000	0.000151	0.000000
F1	10.350000	1.220000	0.000177	0.000000
F1	10.350000	1.240000	0.000181	0.000000
F1	10.350000	1.260000	0.000180	0.000000
F1	10.350000	1.280000	0.000185	0.000000
F1	10.350000	1.300000	0.000197	0.000000
F1	10.350000	1.320000	0.000203	0.000000
F1	10.350000	1.340000	0.000216	0.000000
F1	10.350000	1.360000	0.000241	0.000000
F1	10.350000	1.380000	0.000227	0.000000
F1	10.400000	1.200000	0.000148	0.000000
F1	10.400000	1.220000	0.000173	0.000000
F1	10.400000	1.240000	0.000178	0.000000
F1	10.400000	1.260000	0.000176	0.000000
F1	10.400000	1.280000	0.000181	0.000000
F1	10.400000	1.300000	0.000194	0.000000
F1	10.400000	1.320000	0.000200	0.000000
F1	10.400000	1.340000	0.000212	0.000000
F1	10.400000	1.360000	0.000237	0.000000
F1	10.400000	1.380000	0.000223	0.000000
F1	10.450000	1.200000	0.000145	0.000000
F1	10.450000	1.220000	0.000170	0.000000
F1	10.450000	1.240000	0.000174	0.000000
F1	10.450000	1.260000	0.000173	0.000000
F1	10.450000	1.280000	0.000178	0.000000
F1	10.450000	1.300000	0.000190	0.000000
F1	10.450000	1.320000	0.000196	0.000000
F1	10.450000	1.340000	0.000208	0.000000
F1	10.450000	1.360000	0.000233	0.000000
F1	10.450000	1.380000	0.000219	0.000000
F1	10.500000	1.200000	0.000142	0.000000
F1	10.500000	1.220000	0.000166	0.000000
F1	10.500000	1.240000	0.000171	0.000000
F1	10.500000	1.260000	0.000169	0.000000
F1	10.500000	1.280000	0.000175	0.000000
F1	10.500000	1.300000	0.000187	0.000000
F1	10.500000	1.320000	0.000192	0.000000
F1	10.500000	1.340000	0.000204	0.000000
F1	10.500000	1.360000	0.000228	0.000000
F1	10.500000	1.380000	0.000215	0.000000
F1	10.550000	1.200000	0.000139	0.000000
F1	10.550000	1.220000	0.000163	0.000000
F1	10.550000	1.240000	0.000168	0.000000
F1	10.550000	1.260000	0.000166	0.000000
F1	10.550000	1.280000	0.000171	0.000000
F1	10.550000	1.300000	0.000183	0.000000
F1	10.550000	1.320000	0.000189	0.000000
F1	10.550000	1.340000	0.000200	0.000000
F1	10.550000	1.360000	0.000224	0.000000
F1	10.550000	1.380000	0.000211	0.000000
F1	10.600000	1.200000	0.000136	0.000000
F1	10.600000	1.220000	0.000160	0.000000
F1	10.600000	1.240000	0.000164	0.000000
F1	10.600000	1.260000	0.000163	0.000000
F1	10.600000	1.280000	0.000168	0.000000
F1	10.600000	1.300000	0.000180	0.000000
F1	10.600000	1.320000	0.000185	0.000000
F1	10.600000	1.340000	0.000197	0.000000
F1	10.600000	1.360000	0.000220	0.000000
F1	10.600000	1.380000	0.000207	0.000000
F1	10.650000	1.200000	0.000133	0.000000
F1	10.650000	1.220000	0.000157	0.000000
F1	10.650000	1.240000	0.000161	0.000000
F1	10.650000	1.260000	0.000160	0.000000
F1	10.650000	1.280000	0.000165	0.000000
F1	10.650000	1.300000	0.000177	0.000000
F1	10.650000	1.320000	0.000182	0.000000
F1	10.650000	1.340000	0.000193	0.000000
F1	10.650000	1.360000	0.000216	0.000000
F1	10.650000	1.380000	0.000204	0.000000
F1	10.700000	1.200000	0.000130	0.000000
F1	10.700000	1.220000	0.000154	0.000000
F1	10.700000	1.240000	0.000158	0.000000
F1	10.700000	1.260000	0.000157	0.000000
F1	10.700000	1.280000	0.000162	0.000000
F1	10.700000	1.300000	0.000173	0.000000
F1	10.700000	1.320000	0.000179	0.000000
F1	10.700000	1.340000	0.000190	0.000000
F1	10.700000	1.360000	0.000213	0.000000
F1	10.700000	1.380000	0.000200	0.000000
F1	10.750000	1.200000	0.000128	0.000000
F1	10.750000	1.220000	0.000150	0.000000
F1	10.750000	1.240000	0.000155	0.000000
F1	10.750000	1.260000	0.000154	0.000000
F1	10.750000	1.280000	0.000159	0.000000
F1	10.750000	1.300000	0.000170	0.000000
F1	10.750000	1.320000	0.000176	0.000000
F1	10.750000	1.340000	0.000186	0.000000
F1	10.750000	1.360000	0.000209	0.000000
F1	10.750000	1.380000	0.000196	0.000000
F1	10.800000	1.200000	0.000125	0.000000
F1	10.800000	1.220000	0.000147	0.000000
F1	10.800000	1.240000	0.000152	0.000000
F1	10.800000	1.260000	0.000151	0.000000
F1	10.800000	1.280000	0.000156	0.000000
F1	10.800000	1.300000	0.000167	0.000000
F1	10.800000	1.320000	0.000172	0.000000
F1	10.800000	1.340000	0.000183	0.000000
F1	10.800000	1.360000	0.000205	0.000000
F1	10.800000	1.380000	0.000193	0.000000
F1	10.850000	1.200000	0.000123	0.000000
F1	10.850000	1.220000	0.000145	0.000000
F1	10.850000	1.240000	0.000149	0.000000
F1	10.850000	1.260000	0.000148	0.000000
F1	10.850000	1.280000	0.000153	0.000000
F1	10.850000	1.300000	0.000164	0.000000
F1	10.850000	1.320000	0.000169	0.000000
F1	10.850000	1.340000	0.000180	0.000000
F1	10.850000	1.360000	0.000202	0.000000
F1	10.850000	1.380000	0.000190	0.000000
F1	10.900000	1.200000	0.000120	0.000000
F1	10.900000	1.220000	0.000142	0.000000
F1	10.900000	1.240000	0.000146	0.000000
F1	10.900000	1.260000	0.000145	0.000000
F1	10.900000	1.280000	0.000150	0.000000
F1	10.900000	1.300000	0.000161	0.000000
F1	10.900000	1.320000	0.000166	0.000000
F1	10.900000	1.340000	0.000177	0.000000
F1	10.900000	1.360000	0.000198	0.000000
F1	10.900000	1.380000	0.000186	0.000000
F1	10.950000	1.200000	0.000118	0.000000
F1	10.950000	1.220000	0.000139	0.000000
F1	10.950000	1.240000	0.000143	0.000000
F1	10.950000	1.260000	0.000143	0.000000
F1	10.950000	1.280000	0.000148	0.000000
F1	10.950000	1.300000	0.000158	0.000000
F1	10.950000	1.320000	0.000163	0.000000
F1	10.950000	1.340000	0.000173	0.000000
F1	10.950000	1.360000	0.000195	0.000000
F1	10.950000	1.380000	0.000183	0.000000
F1	11.000000	1.200000	0.000116	0.000000
F1	11.000000	1.220000	0.000136	0.000000
F1	11.000000	1.240000	0.000141	0.000000
F1	11.000000	1.260000	0.000140	0.000000
F1	11.000000	1.280000	0.000145	0.000000
F1	11.000000	1.300000	0.000155	0.000000
F1	11.000000	1.320000	0.000161	0.000000
F1	11.000000	1.340000	0.000171	0.000000
F1	11.000000	1.360000	0.000191	0.000000
F1	11.000000	1.380000	0.000180	0.000000
F1	11.050000	1.200000	0.000113	0.000000
F1	11.050000	1.220000	0.000134	0.000000
F1	11.050000	1.240000	0.000138	0.000000
F1	11.050000	1.260000	0.000138	0.000000
F1	11.050000	1.280000	0.000142	0.000000
F1	11.050000	1.300000	0.000153	0.000000
F1	11.050000	1.320000	0.000158	0.000000
F1	11.050000	1.340000	0.000168	0.000000
F1	11.050000	1.360000	0.000188	0.000000
F1	11.050000	1.380000	0.000177	0.000000
F1	11.100000	1.200000	0.000111	0.000000
F1	11.100000	1.220000	0.000131	0.000000
F1	11.100000	1.240000	0.000135	0.000000
F1	11.100000	1.260000	0.000135	0.000000
F1	11.100000	1.280000	0.000140	0.000000
F1	11.100000	1.300000	0.000150	0.000000
F1	11.100000	1.320000	0.000155	0.000000
F1	11.100000	1.340000	0.000165	0.000000
F1	11.100000	1.360000	0.000185	0.000000
F1	11.100000	1.380000	0.000174	0.000000
F1	11.150000	1.200000	0.000109	0.000000
F1	11.150000	1.220000	0.000129	0.000000
F1	11.150000	1.240000	0.000133	0.000000
F1	11.150000	1.260000	0.000133	0.000000
F1	11.150000	1.280000	0.000137	0.000000
F1	11.150000	1.300000	0.000147	0.000000
F1	11.150000	1.320000	0.000152	0.000000
F1	11.150000	1.340000	0.000162	0.000000
F1	11.150000	1.360000	0.000182	0.000000
F1	11.150000	1.380000	0.000171	0.000000
F1	11.200000	1.200000	0.000107	0.000000
F1	11.200000	1.220000	0.000126	0.000000
F1	11.200000	1.240000	0.000130	0.000000
F1	11.200000	1.260000	0.000130	0.000000
F1	11.200000	1.280000	0.000135	0.000000
F1	11.200000	1.300000	0.000145	0.000000
F1	11.200000	1.320000	0.000150	0.000000
F1	11.200000	1.340000	0.000159	0.000000
F1	11.200000	1.360000	0.000179	0.000000
F1	11.200000	1.380000	0.000168	0.000000
F1	11.250000	1.200000	0.000105	0.000000
F1	11.250000	1.220000	0.000124	0.000000
F1	11.250000	1.240000	0.000128	0.000000
F1	11.250000	1.260000	0.000128	0.000000
F1	11.250000	1.280000	0.000132	0.000000
F1	11.250000	1.300000	0.000142	0.000000
F1	11.250000	1.320000	0.000147	0.000000
F1	11.250000	1.340000	0.000156	0.000000
F1	11.250000	1.360000	0.000175	0.000000
F1	11.250000	1.380000	0.000165	0.000000
F1	11.300000	1.200000	0.000103	0.000000
F1	11.300000	1.220000	0.000122	0.000000
F1	11.300000	1.240000	0.000126	0.000000
F1	11.300000	1.260000	0.000126	0.000000
F1	11.300000	1.280000	0.000130	0.000000
F1	11.300000	1.300000	0.000140	0.000000
F1	11.300000	1.320000	0.000145	0.000000
F1	11.300000	1.340000	0.000154	0.000000
F1	11.300000	1.360000	0.000173	0.000000
F1	11.300000	1.380000	0.000162	0.000000
F1	11.350000	1.200000	0.000101	0.000000
F1	11.350000	1.220000	0.000119	0.000000
F1	11.350000	1.240000	0.000123	0.000000
F1	11.350000	1.260000	0.000123	0.000000
F1	11.350000	1.280000	0.000128	0.000000
F1	11.350000	1.300000	0.000137	0.000000
F1	11.350000	1.320000	0.000142	0.000000
F1	11.350000	1.340000	0.000151	0.000000
F1	11.350000	1.360000	0.000170	0.000000
F1	11.350000	1.380000	0.000159	0.000000
F1	11.400000	1.200000	0.000099	0.000000
F1	11.400000	1.220000	0.000117	0.000000
F1	11.400000	1.240000	0.000121	0.000000
F1	11.400000	1.260000	0.000121	0.000000
F1	11.400000	1.280000	0.000126	0.000000
F1	11.400000	1.300000	0.000135	0.000000
F1	11.400000	1.320000	0.000140	0.000000
F1	11.400000	1.340000	0.000149	0.000000
F1	11.400000	1.360000	0.000167	0.000000
F1	11.400000	1.380000	0.000157	0.000000
F1	11.450000	1.200000	0.000097	0.000000
F1	11.450000	1.220000	0.000115	0.000000
F1	11.450000	1.240000	0.000119	0.000000
F1	11.450000	1.260000	0.000119	0.000000
F1	11.450000	1.280000	0.000123	0.000000
F1	11.450000	1.300000	0.000133	0.000000
F1	11.450000	1.320000	0.000137	0.000000
F1	11.450000	1.340000	0.000146	0.000000
F1	11.450000	1.360000	0.000164	0.000000
F1	11.450000	1.380000	0.000154	0.000000
F1	11.500000	1.200000	0.000096	0.000000
F1	11.500000	1.220000	0.000113	0.000000
F1	11.500000	1.240000	0.000117	0.000000
F1	11.500000	1.260000	0.000117	0.000000
F1	11.500000	1.280000	0.000121	0.000000
F1	11.500000	1.300000	0.000131	0.000000
F1	11.500000	1.320000	0.000135	0.000000
F1	11.500000	1.340000	0.000144	0.000000
F1	11.500000	1.360000	0.000161	0.000000
F1	11.500000	1.380000	0.000152	0.000000
F1	11.550000	1.200000	0.000094	0.000000
F1	11.550000	1.220000	0.000111	0.000000
F1	11.550000	1.240000	0.000115	0.000000
F1	11.550000	1.260000	0.000115	0.000000
F1	11.550000	1.280000	0.000119	0.000000
F1	11.550000	1.300000	0.000128	0.000000
F1	11.550000	1.320000	0.000133	0.000000
F1	11.550000	1.340000	0.000141	0.000000
F1	11.550000	1.360000	0.000159	0.000000
F1	11.550000	1.380000	0.000149	0.000000
F1	11.600000	1.200000	0.000092	0.000000
F1	11.600000	1.220000	0.000109	0.000000
F1	11.600000	1.240000	0.000113	0.000000
F1	11.600000	1.260000	0.000113	0.000000
F1	11.600000	1.280000	0.000117	0.000000
F1	11.600000	1.300000	0.000126	0.000000
F1	11.600000	1.320000	0.000131	0.000000
F1	11.600000	1.340000	0.000139	0.000000
F1	11.600000	1.360000	0.000156	0.000000
F1	11.600000	1.380000	0.000147	0.000000
F1	11.650000	1.200000	0.000090	0.000000
F1	11.650000	1.220000	0.000107	0.000000
F1	11.650000	1.240000	0.000111	0.000000
F1	11.650000	1.260000	0.000111	0.000000
F1	11.650000	1.280000	0.000115	0.000000
F1	11.650000	1.300000	0.000124	0.000000
F1	11.650000	1.320000	0.000129	0.000000
F1	11.650000	1.340000	0.000137	0.000000
F1	11.650000	1.360000	0.000154	0.000000
F1	11.650000	1.380000	0.000144	0.000000
F1	11.700000	1.200000	0.000089	0.000000
F1	11.700000	1.220000	0.000105	0.000000
F1	11.700000	1.240000	0.000109	0.000000
F1	11.700000	1.260000	0.000109	0.000000
F1	11.700000	1.280000	0.000113	0.000000
F1	11.700000	1.300000	0.000122	0.000000
F1	11.700000	1.320000	0.000126	0.000000
F1	11.700000	1.340000	0.000134	0.000000
F1	11.700000	1.360000	0.000151	0.000000
F1	11.700000	1.380000	0.000142	0.000000
F1	11.750000	1.200000	0.000087	0.000000
F1	11.750000	1.220000	0.000103	0.000000
F1	11.750000	1.240000	0.000107	0.000000
F1	11.750000	1.260000	0.000107	0.000000
F1	11.750000	1.280000	0.000111	0.000000
F1	11.750000	1.300000	0.000120	0.000000
F1	11.750000	1.320000	0.000124	0.000000
F1	11.750000	1.340000	0.000132	0.000000
F1	11.750000	1.360000	0.000149	0.000000
F1	11.750000	1.380000	0.000140	0.000000
F1	11.800000	1.200000	0.000085	0.000000
F1	11.800000	1.220000	0.000101	0.000000
F1	11.800000	1.240000	0.000105	0.000000
F1	11.800000	1.260000	0.000105	0.000000
F1	11.800000	1.280000	0.000110	0.000000
F1	11.800000	1.300000	0.000118	0.000000
F1	11.800000	1.320000	0.000122	0.000000
F1	11.800000	1.340000	0.000130	0.000000
F1	11.800000	1.360000	0.000146	0.000000
F1	11.800000	1.380000	0.000138	0.000000
F1	11.850000	1.200000	0.000084	0.000000
F1	11.850000	1.220000	0.000099	0.000000
F1	11.850000	1.240000	0.000103	0.000000
F1	11.850000	1.260000	0.000103	0.000000
F1	11.850000	1.280000	0.000108	0.000000
F1	11.850000	1.300000	0.000116	0.000000
F1	11.850000	1.320000	0.000120	0.000000
F1	11.850000	1.340000	0.000128	0.000000
F1	11.850000	1.360000	0.000144	0.000000
F1	11.850000	1.380000	0.000135	0.000000
F1	11.900000	1.200000	0.000082	0.000000
F1	11.900000	1.220000	0.000097	0.000000
F1	11.900000	1.240000	0.000101	0.000000
F1	11.900000	1.260000	0.000102	0.000000
F1	11.900000	1.280000	0.000106	0.000000
F1	11.900000	1.300000	0.000114	0.000000
F1	11.900000	1.320000	0.000118	0.000000
F1	11.900000	1.340000	0.000126	0.000000
F1	11.900000	1.360000	0.000142	0.000000
F1	11.900000	1.380000	0.000133	0.000000
F1	11.950000	1.200000	0.000081	0.000000
F1	11.950000	1.220000	0.000096	0.000000
F1	11.950000	1.240000	0.000099	0.000000
F1	11.950000	1.260000	0.000100	0.000000
F1	11.950000	1.280000	0.000104	0.000000
F1	11.950000	1.300000	0.000112	0.000000
F1	11.950000	1.320000	0.000116	0.000000
F1	11.950000	1.340000	0.000124	0.000000
F1	11.950000	1.360000	0.000139	0.000000
F1	11.950000	1.380000	0.000131	0.000000
F1	12.000000	1.200000	0.000079	0.000000
F1	12.000000	1.220000	0.000094	0.000000
F1	12.000000	1.240000	0.000098	0.000000
F1	12.000000	1.260000	0.000098	0.000000
F1	12.000000	1.280000	0.000102	0.000000
F1	12.000000	1.300000	0.000111	0.000000
F1	12.000000	1.320000	0.000115	0.000000
F1	12.000000	1.340000	0.000122	0.000000
F1	12.000000	1.360000	0.000137	0.000000
F1	12.000000	1.380000	0.000129	0.000000
