W	Q2	Beam energy	cos(teta)	p0	p1	p2	
GeV	GeV^2	GeV	dimensionless 
1.19	6	5.75	-0.9	0.0372936	-0.0150511	0.0109367	1	1
1.19	6	5.75	-0.7	0.0798579	0.060852	0.0213659	1	1
1.19	6	5.75	-0.5	0.0707682	0.0255293	0.0123325	1	1
1.19	6	5.75	-0.3	0.0511108	-0.00179465	0.00682485	1	1
1.19	6	5.75	-0.1	0.0595227	0.0278596	0.00875173	1	1
1.19	6	5.75	0.1	0.0562819	0.0111124	0.000386676	1	1
1.19	6	5.75	0.3	0.106112	0.0305551	-0.00313454	1	1
1.19	6	5.75	0.5	0.142628	0.050042	0.0426884	1	1
1.19	6	5.75	0.7	0.0850333	0.0276118	-0.0491088	1	1
1.19	6	5.75	0.9	0.0815833	0.00281458	-0.0339972	1	1
1.21	6	5.75	-0.9	0.0577109	-0.013419	-0.00585904	1.18	1
1.21	6	5.75	-0.7	0.0975833	0.0105944	0.0730926	0.8	1
1.21	6	5.75	-0.5	0.0684333	0.0133512	0.0034953	1.18	1
1.21	6	5.75	-0.3	0.0790667	-0.00627869	-0.00703078	1.06	1
1.21	6	5.75	-0.1	0.0929667	0.00632198	0.0095162	0.94	1
1.21	6	5.75	0.1	0.08705	-0.00831385	-0.0112805	1	0.95
1.21	6	5.75	0.3	0.0717889	-0.0275109	-0.00294696	1.1	1
1.21	6	5.75	0.5	0.0832667	0.0477036	0.000984666	0.95	1
1.21	6	5.75	0.7	0.0802583	0.00622095	-0.0305526	1.025	1
1.21	6	5.75	0.9	0.0901833	-0.0137842	-0.00903759	0.98	1
1.23	6	5.75	-0.9	0.0631917	-0.00304553	0.0184963	1	1
1.23	6	5.75	-0.7	0.0730915	0.00272909	0.0203683	1	1
1.23	6	5.75	-0.5	0.0764583	-0.0435466	0.0028226	1.143	1
1.23	6	5.75	-0.3	0.107617	0.0113305	0.0405121	0.92	1
1.23	6	5.75	-0.1	0.092525	-0.0178546	0.0379635	1.03	1
1.23	6	5.75	0.1	0.0770833	-0.0108542	-0.0235371	1.16	1
1.23	6	5.75	0.3	0.086275	-0.0178979	-0.00695725	0.95	1
1.23	6	5.75	0.5	0.083225	-0.00331977	0.00834364	0.95	1
1.23	6	5.75	0.7	0.0699583	-0.00578794	0.0133091	1.08	1
1.23	6	5.75	0.9	0.0777343	0.0147674	-0.018647	0.972	1
1.25	6	5.75	-0.9	0.0491593	-0.0127599	-0.000529644	1	1
1.25	6	5.75	-0.7	0.072925	0.00395484	0.0429084	0.92	1
1.25	6	5.75	-0.5	0.0729541	-0.0308749	-0.0101485	1.08	1
1.25	6	5.75	-0.3	0.095675	-0.011648	-0.0142093	0.9	1
1.25	6	5.75	-0.1	0.0785417	0.00477757	-0.0460101	1.05	1
1.25	6	5.75	0.1	0.0838756	0.011497	0.00866785	0.95	1
1.25	6	5.75	0.3	0.0687417	0.0289974	0.0104747	1.07	1
1.25	6	5.75	0.5	0.07605	-0.00229497	-0.00187329	1	0.95
1.25	6	5.75	0.7	0.0646333	0.00599001	0.0151915	1	1
1.25	6	5.75	0.9	0.0554833	0.00127017	-0.0190645	1	1
1.27	6	5.75	-0.9	0.0568583	0.0161225	0.0330137	0.92	1
1.27	6	5.75	-0.7	0.0506284	-0.0433434	-0.0111176	1.18	1
1.27	6	5.75	-0.5	0.0658333	-0.0345544	0.0108683	1	1
1.27	6	5.75	-0.3	0.0692583	-0.0273664	0.00587483	1	1
1.27	6	5.75	-0.1	0.0766583	-0.0258076	-0.0109758	0.94	1
1.27	6	5.75	0.1	0.0573766	-0.0102157	0.0130809	1.1	1
1.27	6	5.75	0.3	0.0583	0.00762102	-0.022534	1	1
1.27	6	5.75	0.5	0.0536083	-0.00334863	0.00122833	1	1
1.27	6	5.75	0.7	0.05835	-0.0146647	-0.0147548	0.915	1
1.27	6	5.75	0.9	0.043825	-0.00236714	-0.00917539	1.18	1
1.29	6	5.75	-0.9	0.0402304	0.0175938	0.0265361	1	1
1.29	6	5.75	-0.7	0.0489833	-0.00591784	0.0171848	1.15	1
1.29	6	5.75	-0.5	0.0837917	0.00721687	0.0347295	0.84	1
1.29	6	5.75	-0.3	0.0675	-0.0288531	0.0111483	1.165	1
1.29	6	5.75	-0.1	0.0806083	-0.0163679	-0.00913097	0.955	1
1.29	6	5.75	0.1	0.0687333	-0.0146358	-0.0246962	1	1
1.29	6	5.75	0.3	0.0536	-0.025057	-0.00359896	1	1
1.29	6	5.75	0.5	0.0487833	-0.00594671	-0.013609	1	1
1.29	6	5.75	0.7	0.0506583	-0.0179556	-0.0174488	1	1
1.29	6	5.75	0.9	0.0645833	-0.00581681	-0.00541133	1	1
1.31	6	5.75	-0.9	0.0397417	0.00303109	0.00749646	0.92	1
1.31	6	5.75	-0.7	0.0448702	-0.0134819	0.00310386	1.17	1
1.31	6	5.75	-0.5	0.0663167	-0.0232239	0.000631141	1	1
1.31	6	5.75	-0.3	0.0731917	-0.0332987	0.0117768	1	1
1.31	6	5.75	-0.1	0.0694583	-0.0244797	0.019331	1	1
1.31	6	5.75	0.1	0.05995	-0.00509512	-0.00921204	1.17	1
1.31	6	5.75	0.3	0.09165	-0.0228631	-0.00191717	0.82	1
1.31	6	5.75	0.5	0.0627917	-0.0315089	0.000812054	1.07	1
1.31	6	5.75	0.7	0.0505583	0.0023094	-0.0201058	1.05	1
1.31	6	5.75	0.9	0.0499417	0.0121099	0.0137967	1	1
1.33	6	5.75	-0.9	0.0306917	0.00645189	-0.00078946	1	1
1.33	6	5.75	-0.7	0.0363167	0.0034208	-1.90308e-05	1.05	1
1.33	6	5.75	-0.5	0.0563833	-0.0259952	0.00418505	0.85	1
1.33	6	5.75	-0.3	0.0455833	0.00814064	0.000788755	1.27	1
1.33	6	5.75	-0.1	0.0635833	-0.0229208	-0.000142164	1	1
1.33	6	5.75	0.1	0.0747048	-0.0512459	0.00117353	1	1
1.33	6	5.75	0.3	0.079225	0.0119223	-0.0395774	0.97	1
1.33	6	5.75	0.5	0.0564	-0.0126295	0.0032596	1.2	1
1.33	6	5.75	0.7	0.0524833	-0.00750556	-0.00953618	1.05	1
1.33	6	5.75	0.9	0.04985	0.00613435	-0.0250095	0.95	1
1.35	6	5.75	-0.9	0.0312205	0.000540677	0.00366779	1	1
1.35	6	5.75	-0.7	0.03598	0.0174736	0.0121623	1.03	1
1.35	6	5.75	-0.5	0.0457	-0.00484974	-0.0049441	1	1
1.35	6	5.75	-0.3	0.0552167	-0.00972835	-0.00181971	0.94	1
1.35	6	5.75	-0.1	0.0476917	-0.0166133	0.0116184	1.245	1
1.35	6	5.75	0.1	0.0715333	-0.00935308	0.0165231	0.88	1
1.35	6	5.75	0.3	0.0531488	0.0153151	0.0108074	1.185	1
1.35	6	5.75	0.5	0.0653	0.0060333	-0.00227173	1	1
1.35	6	5.75	0.7	0.059875	0.00672613	-0.0198998	1	1
1.35	6	5.75	0.9	0.0542417	-0.0112439	-0.0175167	1	1
1.37	6	5.75	-0.9	0.022975	0.00228053	0.00048544	1	1
1.37	6	5.75	-0.7	0.0342873	-0.00858544	0.00832808	1	1
1.37	6	5.75	-0.5	0.0416417	0.00469097	0.0117759	1.14	1
1.37	6	5.75	-0.3	0.0702167	-0.00702924	0.00749676	0.79	1
1.37	6	5.75	-0.1	0.050725	0.0131203	-0.0034988	1.18	1
1.37	6	5.75	0.1	0.0546667	-0.011114	-0.000309739	1.135	1
1.37	6	5.75	0.3	0.0624917	-0.016671	-0.00780511	0.975	1
1.37	6	5.75	0.5	0.0616917	0.00860252	-0.00523499	0.975	1
1.37	6	5.75	0.7	0.043475	0.0116625	0.00103815	1.195	1
1.37	6	5.75	0.9	0.053025	0.00619208	-0.0142313	0.94	1
1.39	6	5.75	-0.9	0.0173667	0.00414249	-0.00677312	1	1.22
1.39	6	5.75	-0.7	0.0349917	0.016671	0.0150415	1	1.22
1.39	6	5.75	-0.5	0.0567417	0.00114026	0.0176688	1	1.22
1.39	6	5.75	-0.3	0.0619583	-0.00243931	-0.00783366	1	1.22
1.39	6	5.75	-0.1	0.0641917	-0.000519616	-0.0277073	1	1.22
1.39	6	5.75	0.1	0.0550583	-0.0111862	0.00983683	1.1	1.22
1.39	6	5.75	0.3	0.062075	0.00874685	0.00632426	1	1.22
1.39	6	5.75	0.5	0.0524333	-0.0176669	-0.0197161	1	1.22
1.39	6	5.75	0.7	0.0474833	-0.0117779	-0.0106988	1	1.22
1.39	6	5.75	0.9	0.0402315	-0.000133137	-0.0121527	1	1.22
